10000
1000
0.01
1
0.01
-0.903572 0.651299 -0.048204 0.139579 0.211021
-0.422311 0.560814 -0.128364 0.156819 0.100489
-0.854535 -0.303747 -0.168376 -0.211413 0.759299
0.00405943 0.395157 -0.183792 0.0265243 0.67796
0.539484 -0.0562193 -0.156257 -0.150221 0.573338
0.916603 -0.0026077 0.163171 -0.140958 0.966592
-0.254998 -0.0927916 -0.199651 -0.204726 0.527328
-0.471892 0.393748 -0.173742 0.224437 0.141884
0.904822 -0.318872 -0.223193 0.0738446 0.640063
0.624393 0.163286 -0.24435 0.196871 0.1
0.273365 0.0736226 0.0647948 0.13929 0.932235
0.576619 -0.820799 0.0441836 -0.0188438 0.925777
-0.0316135 0.583396 0.16708 0.0744015 0.471312
-0.202533 0.918349 -0.157992 -0.171339 0.369288
0.731154 0.242134 -0.174887 -0.0772476 0.897504
-0.753143 -0.392402 0.172956 0.161993 0.115779
0.998005 0.499225 0.0735543 -0.219219 0.824422
-0.440125 0.0750291 0.220369 -0.138761 0.182931
0.0118257 -0.276847 -0.0651028 -0.102879 0.867495
-0.780902 -0.510415 -0.220698 -0.16386 0.297369
-0.653339 -0.263637 0.0098885 -0.09487 0.371536
0.622215 0.0365705 -0.0432595 -0.0676544 0.535852
0.514762 -0.201959 -0.0800598 0.116341 0.308504
0.254401 0.610889 0.187446 -0.161636 0.537702
0.240785 -0.945564 0.177674 -0.189037 0.537687
0.662139 -0.868295 0.242566 0.192808 0.538389
-0.0917069 0.854505 0.211936 -0.0591279 0.556848
0.421547 -0.751667 -0.189403 0.0745552 0.201242
-0.729109 0.558011 0.213961 0.0603585 0.67509
-0.75629 0.812047 -0.111439 -0.0831724 0.203746
0.810565 0.352717 0.0849906 0.210814 0.1
0.992289 0.610051 -0.0244814 -0.21145 0.586661
0.863034 0.829731 0.210725 -0.160647 0.815342
-0.444606 0.00820541 -0.230002 0.0785012 0.774042
0.661468 -0.786123 -0.0513545 -0.190991 0.607699
0.961602 -0.00171191 0.104125 -0.16286 0.696651
0.918975 0.514271 0.225092 0.237716 0.1
-0.588845 -0.617798 -0.088218 0.177063 0.566469
0.242368 -0.552836 0.0831541 0.169233 0.825107
0.506334 -0.766689 -0.112485 -0.0821325 0.771832
0.78844 -0.200948 -0.0721385 -0.201442 0.461002
0.437821 -0.265245 0.102197 -0.246287 0.661127
0.801169 -0.679358 -0.113537 -0.0608338 0.821443
-0.10883 -0.380524 0.0109093 -0.126564 0.21487
0.281283 0.774286 0.195985 0.0828267 0.52797
-0.170077 -0.520871 0.108767 -0.107313 0.766792
0.818512 -0.67381 0.0383289 -0.188654 0.448492
-0.403614 -0.747342 -0.0318862 -0.180935 0.972898
0.712793 -0.609786 0.0823567 -0.193344 0.313577
-0.239993 -0.345323 0.0816286 0.206215 0.468864
-0.0477654 0.102182 0.0494691 0.210157 0.1
0.389432 -0.956042 -0.199151 0.135195 0.1
0.368767 -0.403052 -0.175023 0.183638 0.348214
-0.504469 -0.674596 -0.0493043 -0.161043 0.877879
0.761044 0.206251 0.17103 -0.200813 0.171112
-0.844906 0.210356 0.0748715 0.0138513 0.46831
0.281638 0.528482 0.172518 -0.120056 0.43547
-0.786834 -0.0311505 0.0285662 -0.166453 0.247397
-0.879817 0.551084 -0.215695 0.0516049 0.842847
-0.574962 -0.218278 0.161965 -0.0959884 0.197222
0.568188 -0.74401 0.163874 -0.123668 0.354518
0.211267 -0.898915 0.0114203 0.0514686 0.288392
-0.879473 0.0658427 -0.211593 0.127131 0.814574
0.148911 -0.0912588 0.238476 0.124293 0.130361
0.652026 0.493646 -0.0567736 0.129855 0.1
0.323228 -0.596793 0.0442316 0.11962 0.830439
0.85146 0.452571 0.19871 0.232391 0.246736
-0.125461 -0.939163 -0.23466 0.0646967 0.1
0.406181 0.14177 0.191739 -0.049248 0.599197
-0.139375 0.977723 0.19026 -0.159509 0.427892
0.595591 -0.587476 -0.0943642 0.184974 0.760805
-0.59756 -0.166279 -0.0475318 -0.113879 0.200162
0.448446 -0.513622 -0.172766 0.190869 0.4279
-0.0448945 -0.245253 0.122285 -0.23335 0.468478
-0.978965 -0.955702 0.131381 -0.159787 0.40069
-0.691868 0.662899 0.0777719 -0.0433232 0.665441
0.371676 -0.75512 -0.00856052 -0.0927422 0.50915
0.454253 0.233616 0.203777 0.211488 0.629338
-0.202447 -0.536718 0.146363 -0.215108 0.514553
-0.644604 -0.152965 0.013861 0.154446 0.583662
-0.713475 0.442663 -0.100775 0.0551908 0.191615
-0.0936448 0.706187 -0.014318 -0.0329655 0.928989
-0.134953 -0.0121216 -0.0301204 0.141055 0.898603
-0.58377 0.322971 0.154401 -0.139396 0.1
-0.628055 -0.476686 0.140931 0.140224 0.254737
-0.524936 0.39367 0.163884 -0.00201009 0.613115
-0.166297 -0.984251 0.213348 0.0730667 0.541957
0.849414 -0.778635 0.104683 0.155934 0.128837
-0.514594 -0.458409 0.120352 -0.0949525 0.699772
-0.124955 -0.250702 -0.0448015 -0.178809 0.140981
-0.273825 0.839829 -0.161954 -0.184583 0.507399
-0.366374 -0.460598 0.0410684 0.05225 0.882244
-0.676258 0.793895 -0.0706575 0.0101749 0.251239
-0.952276 -0.48697 0.12195 0.0271153 0.176062
0.808329 -0.928642 0.102508 -0.121332 0.727951
-0.47064 0.782148 0.248751 -0.0367329 0.102994
-0.341748 -0.34596 0.0636109 0.193173 0.142839
0.505917 -0.768722 -0.129389 0.113296 0.361538
0.645748 -0.830124 -0.132013 -0.0703836 0.542548
-0.180701 0.278689 0.113433 0.246925 0.1
-0.141065 -0.646887 0.088909 0.211931 0.664452
0.672834 -0.556188 0.128686 -0.0110386 0.465355
-0.667223 -0.801303 -0.176432 -0.167313 0.53936
-0.84936 -0.297226 -0.0553296 0.219803 0.913759
0.120415 -0.112731 -0.122825 0.0285461 0.1
0.161891 -0.393674 0.122699 0.0154519 0.645153
0.814242 -0.627501 0.156182 -0.122024 0.266945
-0.75416 0.994433 0.0727573 -0.114025 0.692356
0.979453 0.940874 0.213726 -0.188736 0.337193
-0.963617 0.144109 0.19558 0.0249756 0.49637
-0.948437 -0.261727 -0.146232 0.00439799 0.475448
0.198656 0.407159 0.218447 -0.0484111 0.313629
-0.407037 -0.692795 -0.16812 0.114028 0.958406
0.183846 -0.0792141 -0.102766 -0.019756 0.846402
-0.112307 -0.546916 0.189068 -0.135526 0.1
0.659635 -0.88744 -0.141946 0.0459763 0.214824
0.976907 0.346516 0.110424 -0.188628 0.953827
0.984679 -0.833561 0.22557 -0.0316094 0.867064
0.446983 0.748626 -0.143274 0.040085 0.96092
-0.547339 -0.0721495 -0.140064 0.219441 0.323015
-0.342017 -0.789235 -0.0268969 0.0270107 0.683608
-0.642476 0.466305 -0.0988475 -0.0424846 0.887044
0.414132 0.566361 -0.00852837 -0.0141051 0.618018
-0.214262 0.713477 -0.213164 -0.0775546 0.114807
-0.58013 -0.943897 -0.168347 0.0845258 0.1
-0.653662 0.920721 -0.0745683 0.203961 0.617228
0.56059 0.00102234 -0.171096 -0.0908833 0.393988
0.00205016 -0.214005 -0.0737003 0.0382883 0.965526
0.422464 0.828221 0.154057 0.211885 0.972892
-0.579172 -0.735217 -0.0878019 0.166867 0.321659
0.0743306 -0.587151 0.132237 -0.152506 0.481098
0.676617 -0.766413 -0.190881 0.204243 0.635516
-0.668755 0.352439 -0.186531 0.0765514 0.616387
-0.128736 0.589045 -0.108362 -0.17944 0.993129
0.698643 0.862187 0.181782 0.0612437 0.768459
-0.325331 -0.441043 0.233816 0.117445 0.440719
0.364496 0.760527 -0.0488491 -0.21438 0.151856
0.123446 -0.0285863 0.187869 0.142566 0.892501
0.345343 -0.769007 0.234894 -0.175335 0.346913
-0.433453 0.23695 -0.108126 -0.144277 0.903301
0.816474 -0.263956 -0.140304 -0.0281771 0.452892
-0.617272 0.912307 -0.13454 0.0739957 0.166561
0.353342 0.272248 -0.232707 0.152724 0.727956
-0.848418 0.772436 -0.081497 0.0989837 0.897561
0.221099 0.460631 -0.191007 -0.199803 0.37355
-0.904753 -0.242028 0.189755 -0.155075 0.598957
-0.775535 -0.673981 -0.178605 -0.164463 0.57578
0.570472 -0.944396 -0.238126 0.102209 0.1
-0.676412 0.549819 0.0710615 -0.181721 0.47494
0.659901 -0.456201 -0.227111 -0.123249 0.925874
0.705161 -0.338775 0.0714823 0.23423 0.126634
-0.689705 -0.379527 0.103222 -0.238478 0.474919
0.420319 -0.256998 0.187813 0.185518 0.334658
-0.358466 -0.00308675 0.137436 0.0641887 0.531836
0.0630865 -0.0372192 0.0386918 0.128114 0.547749
-0.870776 -0.0385531 0.119644 -0.227082 0.726234
-0.612053 0.0259385 -0.15135 0.115303 0.368511
0.680635 0.0608356 -0.18093 0.239065 0.54358
0.214666 0.0739735 0.249046 0.117275 0.131061
0.076246 0.976539 -0.0108765 0.23292 0.845953
0.0436947 0.0176758 -0.102611 -0.178152 0.87621
0.321994 -0.0463548 0.0539267 0.177415 0.1
0.915091 -0.730149 -0.204833 0.234065 0.240824
-0.399459 -0.822103 0.20061 0.044548 0.247625
-0.596096 0.356744 -0.206481 -0.216583 0.724262
-0.567897 -0.104736 -0.160999 -0.0770907 0.513782
0.805683 0.0583781 0.0744716 -0.246836 0.321162
0.675698 -0.817965 0.0986067 -0.142968 0.316182
-0.594041 0.156924 0.22597 0.094092 0.723744
0.616639 0.135922 0.172859 0.0223148 0.570244
-0.932846 0.220602 0.194188 -0.0252271 0.620956
0.890135 0.979924 -0.168743 0.140973 0.313956
0.0273595 -0.073955 -0.0420764 -0.234184 0.57928
0.38773 -0.169197 -0.00604005 -0.138491 0.394181
0.94838 -0.675091 -0.0609288 0.224616 0.532839
-0.0940596 0.896698 -0.225919 -0.0635594 0.929404
-0.298995 0.484552 0.074699 -0.0835931 0.1
-0.997607 0.812309 -0.227454 0.0778074 0.684609
-0.0257356 0.914541 0.108854 0.220048 0.259409
-0.838903 0.459031 -0.0421429 0.24878 0.593884
0.389993 -0.176249 0.0464997 0.0395983 0.631863
0.0579745 0.657198 -0.0905341 0.222513 0.542318
-0.631875 0.793883 0.158955 -0.00837865 0.723126
-0.299836 -0.18219 -0.153368 -0.169146 0.640164
0.00381148 -0.429403 0.0280729 0.213858 0.571062
-0.240399 0.253249 -0.139709 0.156238 0.646601
-0.0961869 0.596098 0.00369701 0.150997 0.474853
0.783734 0.21629 -0.109904 -0.0686056 0.209737
-0.653065 0.649374 0.229999 -0.0649545 0.193353
-0.700383 0.430947 0.0717821 0.205823 0.62216
-0.700858 0.298989 0.188482 0.243856 0.85431
-0.451194 0.770737 0.15454 -0.226504 0.362268
-0.8835 0.143484 0.238394 -0.0415745 0.536861
-0.114177 -0.679453 -0.1173 0.193506 0.693558
0.299773 -0.846633 0.18722 0.20456 0.692017
-0.29434 0.165873 -0.0387375 -0.122519 0.886475
0.844765 -0.325305 -0.0494624 -0.103978 0.161364
0.385716 0.997415 0.208115 -0.0204813 0.920601
0.283415 -0.327423 -0.232513 0.248703 0.575469
-0.860262 0.331116 0.029702 -0.0344724 0.748314
0.258381 0.0315909 -0.100812 -0.150069 0.312034
0.305518 -0.788699 0.119184 0.0389023 0.39726
0.897601 -0.190273 -0.194949 -0.204963 0.469284
0.941452 -0.083946 0.0824904 -0.200206 0.638362
0.340824 -0.627636 0.0628577 0.162907 0.518024
-0.103002 -0.374022 -0.238323 0.102127 0.844436
0.525656 0.487049 0.0212524 -0.136279 0.986506
0.234142 0.391859 -0.1107 -0.129917 0.604432
-0.627216 0.216933 -0.00123078 0.0105291 0.11834
-0.663961 -0.222223 -0.169972 0.205724 0.737148
0.777817 0.624145 0.00737241 0.0222035 0.245687
0.496221 0.26728 -0.134457 -0.00975761 0.483724
-0.981414 0.1214 0.169395 0.193244 0.373054
0.761385 0.979576 0.176968 0.158744 0.876444
0.396389 -0.531205 -0.0519716 -0.0759234 0.470616
0.998307 -0.949859 -0.105962 0.246223 0.799052
-0.685785 -0.641482 -0.146485 0.129947 0.840986
-0.612204 -0.917797 0.204255 -0.0608603 0.345117
-0.11969 0.203067 0.244145 -0.0592365 0.949355
-0.763412 0.61125 -0.202697 -0.191981 0.446527
0.796881 0.667431 0.0661258 -0.2192 0.871214
-0.81362 -0.15975 -0.11531 0.17722 0.697647
-0.957839 0.977581 -0.0285986 0.0875134 0.228884
0.0728407 -0.418246 0.157046 -0.0866332 0.959856
0.277967 -0.711568 0.207589 0.165504 0.390375
-0.217036 0.455305 0.100099 0.230356 0.995427
0.11239 0.626247 0.202426 -0.130811 0.44903
0.11546 -0.340176 0.239087 -0.0751983 0.493689
0.767971 0.700378 0.0820832 -0.101085 0.77666
0.337919 0.958624 0.211632 0.0174606 0.696688
-0.974146 0.720161 0.122391 -0.0778733 0.1
0.815258 0.334167 0.130035 0.0258502 0.996128
-0.0521728 0.832455 -0.235771 -0.189564 0.605271
0.772264 0.9955 -0.117444 -0.0485544 0.774157
0.558749 0.146074 0.192881 -0.104691 0.1
0.266776 -0.437107 -0.119549 0.072473 0.1
-0.964416 -0.167195 -0.0424439 0.0859548 0.81136
-0.979477 0.297657 0.231707 -0.0794829 0.682551
-0.593739 -0.95765 0.230169 -0.00521806 0.933582
-0.200875 -0.21967 0.174533 -0.0238396 0.1
-0.738865 0.830447 -0.0502802 -0.167321 0.2375
-0.724012 0.974168 0.0857871 -0.0222387 0.528053
0.847184 -0.989264 0.126551 0.173709 0.544463
0.0895046 -0.978261 -0.21543 -0.238752 0.214164
-0.134067 0.804678 -0.0550814 -0.176818 0.996261
0.331911 -0.790366 -0.215834 0.170744 0.339234
0.638868 0.0740232 -0.140657 0.234959 0.726114
0.876515 0.505794 -0.0194202 -0.0587594 0.624464
-0.0226918 -0.217367 0.124051 0.192909 0.161532
0.783565 -0.23473 0.193024 0.226051 0.1
-0.680509 -0.675604 -0.0765191 0.0453528 0.919929
0.424028 0.364092 0.208879 0.16135 0.184343
0.564178 0.774423 -0.111337 0.0863832 0.697416
-0.675572 -0.818885 -0.0725488 -0.0880191 0.723377
0.0965497 -0.277647 -0.0692451 -0.084804 0.585466
-0.309012 -0.683738 -0.0400497 0.16377 0.163425
0.488428 0.369823 0.0337944 -0.0850464 0.28285
-0.131168 -0.129712 -0.0205561 0.125211 0.57473
0.999202 -0.437134 -0.211599 0.111439 0.476359
0.549737 0.814274 -0.0344395 -0.179349 0.260036
-0.346795 0.178541 -0.08627 0.245396 0.748286
0.792513 -0.305635 -0.0397833 0.152058 0.637162
0.873605 -0.420864 0.0797181 0.0406016 0.451449
0.354408 0.99673 -0.176204 0.212665 0.289441
0.333372 -0.85675 0.236763 0.205962 0.805872
-0.668127 0.369435 -0.223856 0.037178 0.402206
-0.431693 -0.958964 -0.124904 0.00423926 0.146862
0.0108019 0.348986 -0.166166 -0.190585 0.815018
-0.467876 0.901012 -0.107511 0.046926 0.674858
-0.499715 -0.512143 0.064991 0.060201 0.621783
-0.44352 -0.645419 -0.175799 -0.0839149 0.887716
-0.447913 0.00691986 0.17221 0.0957477 0.292712
-0.615466 0.102635 -0.211398 0.178834 0.545046
0.654862 0.985985 -0.0788107 -0.176925 0.473527
-0.0613576 -0.534742 0.0547171 0.00624451 0.896649
0.0601211 0.826454 0.103225 -0.0428343 0.760453
-0.106439 -0.225797 0.158744 0.22006 0.368109
0.571283 -0.897422 -0.0808464 -0.0681638 0.128355
-0.463479 0.31686 0.0152613 -0.138652 0.795481
-0.669208 0.941596 -0.106681 0.205947 0.981309
-0.690427 -0.51551 0.0353541 0.120565 0.1
0.293274 -0.997282 0.233095 0.141607 0.836603
0.60422 -0.504942 -0.186632 -0.0792941 0.858183
0.384293 0.901281 -0.146412 0.243342 0.415336
0.263438 -0.992753 0.15545 0.0918776 0.705284
0.839885 -0.44544 0.245301 -0.0799033 0.1
0.392318 -0.154551 0.0180743 -0.0720181 0.833453
0.753755 0.905468 -0.196582 -0.0957048 0.683237
0.814585 0.392285 0.0728152 0.204861 0.933046
0.640359 0.200366 -0.0961718 -0.12407 0.993129
0.165231 0.999432 0.190475 -0.204846 0.208476
-0.676713 -0.124648 0.186392 0.142634 0.52706
-0.443705 0.447152 0.139437 0.0433529 0.686062
0.0782762 0.647631 -0.127568 0.0920379 0.299127
-0.446982 -0.409906 0.20281 0.101045 0.690741
0.230561 0.623449 -0.163034 -0.00829756 0.373629
0.990714 0.869583 0.211947 -0.231943 0.748245
-0.617272 0.0251733 -0.119476 0.0144122 0.714411
0.190348 0.0943259 0.0992283 0.13566 0.17585
-0.00134677 -0.717847 -0.0567971 0.208267 0.770596
0.635231 0.600624 -0.194633 0.163182 0.526957
0.598946 -0.801422 -0.177423 -0.111556 0.978601
-0.20521 -0.349524 -0.0919613 -0.165766 0.269935
0.758246 0.563188 -0.149473 0.158868 0.371218
-0.102161 -0.757929 -0.0654401 0.0659873 0.842539
-0.139003 0.755841 0.219896 -0.163168 0.1
0.0171922 -0.303801 -0.234983 -0.180444 0.161256
-0.314035 0.91556 0.236738 0.00617275 0.920197
-0.358816 -0.714128 0.0722905 0.0747469 0.975586
-0.233743 -0.260697 -0.0867685 -0.111007 0.511086
0.191928 -0.926183 -0.21626 0.00908291 0.891322
0.295253 0.151174 0.247906 0.22307 0.229092
0.0705746 0.396083 0.0973751 -0.0937888 0.811754
-0.23727 0.202541 0.243879 0.210958 0.951783
-0.189112 -0.0890354 0.0909037 0.156959 0.61802
-0.178025 -0.788465 -0.0555461 -0.197965 0.658487
0.179738 -0.657143 0.206078 0.0168319 0.958121
-0.591727 -0.727546 0.151221 0.185535 0.711663
0.957368 0.157453 -0.0409736 0.0497245 0.931299
0.956725 -0.848962 -0.143338 0.0881914 0.246692
-0.323996 0.602001 0.160323 0.213816 0.10671
-0.00684434 0.909594 -0.198976 -0.215336 0.17356
0.350465 -0.138092 -0.020842 0.10353 0.741186
0.332683 0.00420189 -0.148631 0.0262553 0.767262
-0.208692 -0.814147 -0.112957 0.167664 0.632689
-0.896594 -0.925725 0.148984 0.0807213 0.993446
-0.734773 0.595789 -0.0101468 -0.0732218 0.526626
0.561055 -0.992688 0.0558335 0.200011 0.38691
0.148296 -0.656178 -0.0861836 -0.0766647 0.500997
0.410208 0.879162 -0.155851 0.213322 0.749957
0.623292 -0.092239 -0.0400485 -0.23895 0.952064
0.891854 -0.668868 -0.248821 -0.216306 0.808779
-0.539587 0.537205 -0.0861295 0.124907 0.454368
0.325364 0.221038 -0.104113 -0.0358179 0.723044
0.236235 -0.966725 0.149517 0.0976194 0.415754
-0.0969234 0.429569 -0.0888831 -0.150342 0.651851
0.404541 0.603171 0.0807649 0.19093 0.483736
-0.595912 -0.0633782 -0.0935871 0.0728624 0.678313
-0.53431 0.207273 -0.24901 -0.194215 0.36587
-0.290014 -0.0318482 -0.238375 0.0775741 0.129184
0.361431 -0.963925 -0.18482 0.207137 0.553227
0.662209 -0.143274 0.171501 -0.069499 0.590415
-0.552925 -0.490039 -0.119667 0.167182 0.759829
-0.901118 -0.166137 0.169742 0.186117 0.665579
0.97693 -0.826905 0.107375 0.198733 0.681857
-0.8995 0.870474 -0.116717 -0.0215796 0.370177
0.065673 -0.881008 -0.057723 0.00340998 0.894694
0.129325 -0.760218 -0.0343998 0.1862 0.766639
-0.97662 0.421897 0.0378893 -0.00382705 0.301531
-0.824404 -0.502658 -0.057497 -0.0455535 0.471503
-0.755631 0.594431 0.18295 0.12784 0.300697
0.820255 -0.495876 0.17163 -0.0677402 0.592785
-0.206255 0.424583 0.124444 -0.189996 0.914773
0.463791 0.0512658 0.242496 0.107621 0.976869
-0.984338 -0.600153 -0.012134 0.0114134 0.834852
-0.732187 -0.79678 -0.0517601 0.140741 0.643164
0.0204021 0.691554 -0.138811 -0.0307412 0.345534
-0.760377 0.917842 -0.121436 -0.209152 0.110785
0.595094 0.196326 -0.12191 0.011715 0.56823
-0.669969 -0.599297 -0.218911 -0.218389 0.768671
0.484836 -0.86207 -0.140522 0.243842 0.926651
0.235498 0.87868 0.17237 -0.0274049 0.1
0.237562 -0.44837 0.180731 0.0928253 0.1
0.500901 0.160127 -0.039479 0.0912569 0.864056
0.53951 0.305708 0.227854 -0.0646176 0.507284
-0.803965 -0.662161 0.133115 -0.231086 0.1
0.176212 0.939177 -0.175181 0.23356 0.162198
0.342263 -0.875766 -0.0427563 -0.171058 0.20907
0.719361 -0.673844 0.154898 0.0619446 0.828955
0.305233 -0.191451 -0.113538 -0.121581 0.978898
0.0540777 0.751337 0.0159625 0.0260478 0.432176
-0.559979 -0.588507 -0.203568 -0.229195 0.391925
0.576606 0.774728 -0.16009 -0.159243 0.1
0.501321 -0.61491 0.12148 0.119418 0.447786
0.325332 -0.458013 0.053997 0.0545777 0.258015
-0.235998 0.663384 -0.224522 -0.227518 0.735874
0.580635 -0.427094 -0.0125582 -0.0262258 0.857594
0.353596 -0.321007 -0.195561 0.0685387 0.735737
0.760736 0.498307 -0.0961282 -0.189697 0.598765
-0.131749 -0.0374961 0.129675 0.045217 0.1
0.239878 0.503563 0.175158 -0.125752 0.390565
-0.0384434 -0.11158 -0.0549157 -0.184018 0.158531
-0.590541 -0.482122 -0.0438533 -0.044489 0.603399
-0.437248 0.528532 0.180644 0.0156846 0.866763
0.98528 -0.223074 0.0972072 -0.142916 0.263117
-0.108199 -0.912537 -0.0187022 -0.238031 0.1
-0.702124 0.427497 -0.135031 0.123511 0.717154
0.497897 -0.996089 0.1717 0.248917 0.334204
-0.848767 -0.468905 -0.0462115 0.0788411 0.876451
0.720982 -0.0664077 -0.188428 0.232722 0.845745
-0.887118 -0.414713 0.028207 0.21178 0.32025
0.634167 0.560202 0.217066 -0.217751 0.530102
-0.244826 -0.125328 -0.115308 -0.0956517 0.942
0.918916 -0.277784 -0.137941 -0.180966 0.269724
-0.939224 -0.838156 -0.0846907 -0.06093 0.768431
0.494805 -0.830034 -0.185564 -0.172354 0.212246
-0.994483 0.794478 -0.115661 -0.234298 0.1
-0.862961 0.871616 -0.222083 0.225702 0.282302
0.155508 0.573022 -0.0076225 0.126045 0.1
0.039216 -0.33982 0.0883287 -0.138328 0.846126
-0.810738 0.35347 0.203776 0.0252897 0.340999
-0.890349 0.661103 -0.0632339 -0.196451 0.410937
-0.895276 0.502776 -0.21424 -0.0168545 0.544713
-0.634462 0.148183 -0.199137 -0.142431 0.828192
-0.993473 -0.945144 -0.164176 0.111409 0.397153
-0.10332 0.0847155 0.133741 -0.175053 0.126736
-0.601328 -0.611857 -0.0564682 0.243231 0.762997
-0.731486 0.83729 0.121246 0.171037 0.804301
0.620092 -0.155174 0.109471 -0.0419507 0.466484
-0.21059 -0.0581545 0.0268096 -0.0184276 0.348244
-0.423259 0.334628 0.173475 0.0156253 0.806132
-0.647162 0.184819 -0.171549 -0.0368836 0.251369
0.16796 0.781658 0.0680929 0.0279621 0.881042
-0.655071 0.655512 0.00926894 -0.146715 0.644089
0.584248 -0.264318 -0.158837 0.0556669 0.219528
0.246993 -0.894185 0.202561 0.00565502 0.735236
0.746292 -0.438578 -0.0963077 0.155056 0.307974
0.133503 0.135894 -0.0217805 0.209413 0.476825
0.655073 -0.936872 -0.127552 -0.135073 0.764033
-0.0733345 -0.758612 0.134088 0.181274 0.983578
-0.957922 -0.874797 0.102219 -0.208051 0.35862
0.852911 0.251321 0.150227 -0.125078 0.867116
-0.497401 -0.275778 -0.00256777 0.0984607 0.790909
-0.559505 -0.126504 -0.0650819 0.160767 0.997427
0.68341 -0.689759 -0.144173 -0.0461764 0.421873
0.273132 0.142478 -0.112547 0.11472 0.975276
0.719827 -0.915996 0.186139 0.0281826 0.377688
0.543543 0.351835 -0.223852 0.162103 0.1
0.715451 0.665787 -0.134713 -0.242179 0.1
0.103983 -0.507359 -0.208904 -0.145294 0.462247
0.465529 0.128639 0.0321757 0.0469207 0.473127
-0.887351 0.422991 -0.187184 0.083078 0.1
-0.502402 0.535281 -0.230536 -0.248871 0.494192
0.129591 -0.593824 0.0421344 0.0374552 0.252073
0.583861 0.395227 -0.032337 -0.219977 0.250377
-0.884565 0.0885193 0.156252 0.212429 0.98437
0.694977 -0.327738 -0.164479 -0.182949 0.901673
0.850008 0.442375 -0.11183 0.0683072 0.308068
-0.643528 -0.801909 0.0782116 0.121193 0.144282
-0.476108 -0.852842 -0.157088 -0.128899 0.192952
-0.0289401 0.419423 -0.102849 0.239219 0.711703
0.194205 0.469941 0.0495883 0.156465 0.503394
-0.373029 -0.825029 -0.0155123 -0.184072 0.172141
-0.309818 -0.396394 0.236571 0.115341 0.3982
-0.554602 -0.369163 0.0249254 0.248843 0.913858
-0.340088 -0.665207 -0.0559176 -0.0972185 0.141615
0.17188 -0.771633 0.15685 0.118907 0.222003
-0.236943 0.79501 -0.241846 0.22535 0.9349
-0.361717 -0.54492 0.203485 0.20693 0.709587
0.883043 -0.308724 0.208819 0.0188875 0.1
0.448075 -0.462581 0.179159 -0.0552905 0.107599
-0.922811 0.423843 0.210033 -0.200997 0.309763
-0.198936 0.876057 -0.0703969 -0.114492 0.184732
0.704012 -0.216516 0.234211 0.105433 0.137661
0.43742 0.564107 0.0795816 -0.231458 0.500259
-0.754902 0.0547224 -0.142074 0.224559 0.904757
-0.664638 0.447183 0.249017 0.226544 0.921574
-0.85636 0.486726 0.127582 0.100174 0.908764
0.173484 0.134657 0.0339575 -0.0362665 0.600807
0.0366355 -0.440924 0.0585411 -0.151899 0.90843
-0.729199 0.393981 -0.197146 -0.0724185 0.494319
0.484399 0.0204682 0.232515 -0.118029 0.960835
-0.986883 -0.460299 -0.0563619 0.159406 0.1
-0.126606 0.294187 -0.21003 -0.185334 0.178625
-0.496191 0.387454 0.171883 -0.117086 0.782152
-0.992357 0.172175 0.0605886 -0.0646785 0.754474
0.772725 -0.0749548 -0.0363382 0.154522 0.111892
0.712461 0.505828 0.23707 0.0160747 0.700829
0.908973 0.717673 -0.177988 -0.247699 0.495125
0.0650066 0.641845 0.0387183 -0.134317 0.960249
0.929155 -0.214724 -0.225085 -0.00317693 0.722572
0.76396 -0.788724 0.0239438 -0.0127665 0.16603
-0.780375 0.288484 0.147389 -0.162889 0.1
0.863752 0.565114 -0.0208019 -0.236436 0.690254
0.609591 -0.0261712 -0.109228 -0.190273 0.923415
0.045074 0.532236 -0.150638 0.060183 0.634605
-0.296437 -0.66415 -0.211662 0.0776543 0.109373
0.165236 -0.0815109 0.00987402 0.0979963 0.509429
0.743043 0.753661 -0.0690066 0.0746963 0.334956
-0.565318 -0.541276 -0.17145 0.241681 0.787648
-0.0585523 -0.610199 -0.200118 -0.222314 0.1
0.924188 0.0693794 -0.0201768 -0.135958 0.441915
-0.8914 -0.0609123 -0.0242001 -0.246186 0.949194
-0.728415 0.791767 -0.110189 0.0596174 0.324509
-0.806808 0.50071 0.225717 -0.162121 0.599293
0.556462 0.63228 -0.127134 -0.00759509 0.487544
-0.371682 0.355897 -0.131307 0.117821 0.146268
0.621751 0.320798 -0.196011 0.123165 0.884168
0.696472 -0.739106 0.183699 0.160135 0.414304
-0.379222 -0.761387 -0.188845 -0.123721 0.942702
0.583054 -0.975891 0.0216814 -0.127921 0.497748
0.607057 0.796789 -0.0866023 -0.159539 0.641551
-0.58022 -0.242107 0.188611 -0.0340374 0.636093
0.919302 -0.888357 -0.00127077 0.113314 0.1
0.261139 -0.647517 -0.145597 -0.197577 0.1
0.918457 -0.617937 -0.0130856 0.130782 0.403172
0.841998 0.589565 -0.12954 0.0612431 0.22217
0.405499 -0.0364226 -0.00569351 0.0306484 0.514858
-0.95282 -0.675489 -0.0622366 0.139759 0.847687
0.239606 0.753312 -0.186229 0.0233392 0.761264
-0.807908 0.205521 -0.129501 0.225885 0.53893
-0.879709 -0.17988 -0.0221256 -0.00293548 0.462614
0.381684 -0.656355 0.180148 0.239786 0.392842
-0.604769 -0.605551 -0.0553536 0.230321 0.332841
0.645768 -0.273174 0.199398 0.0515938 0.232627
0.760838 0.791456 -0.0290231 0.206784 0.297794
0.505388 0.166346 -0.0918283 0.0761052 0.419504
0.210032 -0.429528 -0.169646 -0.124744 0.588508
-0.198329 0.752524 0.065179 0.0833236 0.996962
-0.78228 -0.0888666 0.189321 0.155311 0.614036
0.167307 -0.230499 -0.0759051 0.064265 0.86572
0.502544 -0.778355 -0.0126035 0.128018 0.134571
0.986368 0.325799 0.193794 0.0152603 0.884018
-0.935686 0.889923 0.0372099 0.092344 0.412888
0.917935 -0.0815611 0.212427 0.169194 0.974702
-0.142919 -0.933841 -0.0965005 0.0384474 0.150641
-0.660419 0.0962034 0.0263974 0.101375 0.1
-0.107652 0.521263 -0.215286 0.10174 0.778735
-0.340734 -0.649226 0.050664 -0.0111454 0.70181
0.103577 -0.57637 -0.0195702 0.240415 0.618807
0.139755 -0.152746 -0.241034 -0.043389 0.420027
0.409697 -0.242725 0.199205 0.24043 0.253179
0.343546 0.294415 0.205773 0.0063183 0.454525
0.187953 0.194537 -0.0943292 0.133504 0.661741
0.586573 -0.232564 0.23238 0.189652 0.756105
-0.225038 0.762478 -0.107139 0.139537 0.77953
-0.881153 0.65827 0.164454 0.0706214 0.889311
-0.812352 -0.386546 -0.203814 0.140313 0.222005
0.139103 -0.702134 -0.112005 0.027482 0.609131
-0.0406092 -0.531473 0.0260441 -0.0445345 0.1
-0.730945 0.213076 -0.0307873 0.0719463 0.139069
-0.506854 -0.401372 0.161028 -0.245489 0.811948
0.229963 -0.500268 -0.00620426 0.129451 0.530551
0.953302 -0.208525 0.024141 -0.132815 0.863939
-0.370819 -0.584445 -0.124355 -0.133395 0.339275
-0.312804 -0.0834997 0.230788 0.0512583 0.409328
0.837811 -0.167426 0.132039 0.248203 0.745092
0.793667 0.0564718 -0.170038 0.053261 0.1
0.291775 0.35834 -0.0656947 0.119278 0.332866
-0.67895 0.959248 0.227961 -0.10811 0.117006
0.0361162 -0.334954 -0.119041 -0.0738867 0.509324
0.97223 -0.132894 -0.00981946 0.0799282 0.258221
-0.383784 -0.83532 0.0311948 0.0369042 0.208984
0.107387 0.453647 0.0962686 0.207247 0.617402
-0.870387 0.0838509 0.102955 0.00931633 0.365168
-0.122062 -0.666003 -0.224996 -0.226087 0.847052
0.166638 0.783018 -0.177511 0.0915791 0.949585
0.140553 -0.742742 -0.179788 -0.0204457 0.564017
0.322024 0.291069 0.176815 0.0934438 0.640347
0.308161 -0.701711 0.196711 0.13882 0.681287
-0.0846111 -0.20878 -0.0542709 -0.058779 0.726908
-0.0417558 0.52931 0.242235 0.0970542 0.949279
0.580388 0.562293 -0.182392 0.0044443 0.367147
0.193554 -0.547714 -0.22426 0.195711 0.31498
0.414361 -0.7933 -0.0649969 -0.131034 0.977938
-0.097667 0.560486 -0.0551717 0.217969 0.432484
-0.0658599 -0.912723 -0.105791 0.0395339 0.1
-0.487451 0.539616 0.192785 -0.181767 0.93329
0.586511 -0.968432 -0.126006 -0.144253 0.251919
0.447864 0.425446 -0.233463 -0.0889262 0.376575
0.833362 -0.865054 0.104331 -0.0437018 0.834417
-0.656951 -0.131449 -0.146063 0.0796923 0.1
0.0477729 0.26313 0.031789 -0.192182 0.362313
0.688877 0.610459 -0.191295 -0.247834 0.871621
-0.342546 -0.0875639 0.00243518 -0.0774462 0.82063
-0.948102 0.183845 0.108837 0.235811 0.673644
0.970171 0.724363 0.224273 0.0431329 0.117346
-0.0784742 -0.452489 -0.112738 -0.0683472 0.370512
-0.334757 0.454433 0.137292 -0.0152732 0.466731
0.754134 0.840958 0.0899239 0.197421 0.519983
0.403583 -0.346777 0.164924 -0.0703125 0.890066
0.860739 -0.311882 0.198594 0.16378 0.560202
0.631314 0.389574 -0.0668849 -0.194977 0.26838
0.868764 0.974587 0.110187 0.0700248 0.552138
-0.715524 -0.587079 -0.0245156 -0.244967 0.1
0.985346 0.172092 0.0544084 -0.188773 0.583874
-0.638035 -0.819802 0.229777 -0.0671215 0.590252
-0.243946 -0.385267 0.056263 -0.196715 0.739618
-0.215872 0.579901 -0.16638 -0.198559 0.172752
0.132388 -0.117189 -0.191011 -0.00370452 0.61065
-0.535308 0.96468 0.038761 -0.111129 0.84382
0.331363 -0.313634 0.094205 0.228189 0.491415
0.947148 -0.295723 0.223747 -0.000405297 0.836513
-0.598963 -0.699497 0.0371748 0.110444 0.825515
0.794117 -0.717121 -0.100208 0.0480135 0.697159
0.883634 -0.839751 -0.0607446 0.163337 0.157252
0.0627223 0.932019 0.0974642 -0.0298995 0.661588
0.953138 0.985948 0.00806403 -0.20564 0.181547
0.191264 0.976524 0.196768 -0.0644536 0.580939
0.439391 0.730847 -0.0221246 0.136025 0.824365
-0.415249 0.265907 -0.0665743 0.083216 0.753028
0.870127 -0.504762 0.150121 -0.141034 0.94121
0.967471 -0.403573 0.21272 -0.0294258 0.163808
0.17475 -0.373073 -0.229371 0.0573049 0.638253
0.95365 -0.949723 0.134233 -0.0811405 0.838305
-0.206318 0.881421 -0.241748 -0.233439 0.148929
0.312105 0.3404 -0.0679306 -0.0636547 0.424531
-0.688438 -0.975847 -0.0832379 -0.212755 0.21683
0.519251 0.478952 0.0278438 -0.0770741 0.960203
0.775527 0.266362 -0.132531 -0.247231 0.165377
0.0856074 0.114621 -0.0106843 0.142786 0.486324
0.617471 -0.138126 -0.10692 0.214218 0.256223
-0.823324 -0.36867 0.0430632 0.244381 0.535542
-0.650081 0.826506 -0.00523311 0.0195975 0.897593
0.1251 0.995499 0.0690567 -0.0648558 0.79497
-0.272235 -0.359601 -0.0669952 0.0391766 0.1
-0.207809 -0.644599 0.183427 -0.245379 0.679029
-0.609191 -0.401875 0.104816 0.0539568 0.849803
0.212329 0.278181 0.0897301 -0.185885 0.1
0.65786 -0.207295 0.00191858 -0.19892 0.592335
-0.435706 0.56356 0.160294 -0.0196202 0.33049
0.751042 -0.33497 -0.191826 -0.164478 0.787
0.29048 -0.779031 -0.045497 0.00495523 0.1
0.471416 -0.324735 -0.0647497 -0.0927041 0.861883
0.334392 0.404541 0.0868172 0.0636295 0.1
-0.80242 0.891245 -0.0172359 -0.220985 0.793221
0.838679 0.628915 0.0276608 0.200395 0.130183
0.153064 -0.612358 -0.0327082 -0.161456 0.276151
-0.628587 0.587896 -0.184532 0.0112393 0.340898
0.686082 -0.835668 -0.0474747 -0.18402 0.827124
-0.657791 -0.713922 0.137843 0.213252 0.50418
-0.783464 -0.600793 -0.125005 0.183583 0.931784
-0.613985 -0.769348 0.248654 0.118662 0.798774
-0.171571 0.904953 0.0912288 -0.203715 0.400728
0.488968 -0.278971 0.138519 0.132547 0.898038
0.483271 -0.942679 0.184948 0.112521 0.533962
0.278345 0.468238 0.0821572 0.219967 0.864441
-0.225041 -0.544065 -0.141377 0.0571086 0.220243
-0.142474 0.466271 0.149102 0.204349 0.199668
-0.739147 0.0956236 0.00884974 0.172201 0.1
0.511922 -0.118981 -0.245037 -0.195494 0.576343
-0.223995 -0.673584 -0.0406591 0.190337 0.703892
0.632886 0.906289 -0.0634567 -0.143099 0.318227
0.55726 -0.539649 0.232884 0.235085 0.875952
-0.234952 0.752692 0.0214312 0.0691581 0.39932
0.561927 -0.574179 0.215617 0.0755832 0.860955
0.938356 -0.221448 -0.0056967 -0.141567 0.661479
-0.292707 0.608672 -0.0190513 0.207019 0.804959
-0.837391 0.746429 0.144645 0.0809898 0.248589
0.743816 -0.700294 -0.0634918 -0.168257 0.689972
-0.658655 -0.434168 0.0443428 0.151845 0.231397
-0.874532 -0.935913 0.0566682 0.200267 0.779223
-0.439693 0.534636 0.186281 -0.159132 0.284924
0.647996 0.737445 -0.0551035 -0.0115406 0.1
-0.631792 -0.339443 0.226001 0.000906795 0.225768
-0.897955 -0.279638 -0.0979304 0.0750079 0.1
-0.294489 0.118926 -0.105193 -0.220962 0.12059
-0.402861 0.893821 -0.225301 0.147331 0.859117
-0.754574 -0.841893 0.10305 -0.166516 0.809664
-0.29692 -0.784221 -0.0281879 -0.20028 0.1
0.528272 -0.379036 -0.0838502 0.0783497 0.454846
0.290887 0.381925 0.0119704 0.174368 0.682432
0.622417 0.713591 0.0978895 -0.099161 0.634353
-0.975467 -0.368096 -0.243781 -0.116422 0.90431
0.89848 0.917013 0.0428649 0.228027 0.225772
0.853957 -0.0631742 0.0305668 -0.187238 0.580422
-0.071879 0.36599 -0.0176769 -0.237594 0.980206
-0.2304 0.473768 0.00108781 -0.0447439 0.953215
-0.0617189 -0.497402 0.198305 -0.0829437 0.982089
-0.152304 -0.60221 0.209904 0.00210366 0.1
0.227674 0.208739 0.0738848 0.134823 0.789782
0.215244 0.600066 0.0100951 0.100187 0.117684
0.196335 -0.392445 -0.23084 0.124601 0.817742
-0.160419 -0.449481 0.148218 0.237452 0.210497
-0.326362 -0.0909184 -0.152882 -0.0271489 0.738046
-0.446164 -0.772984 -0.00163446 0.145302 0.670409
0.0366061 0.544107 -0.186205 -0.0174683 0.353523
-0.87186 0.208548 0.100996 -0.161464 0.67141
0.162029 0.618018 -0.0441189 0.0667177 0.719303
0.220146 -0.28138 -0.106994 0.0191594 0.679871
-0.754454 0.0961518 0.123154 0.156501 0.667984
-0.893031 -0.583066 -0.0528554 0.160221 0.91345
-0.265256 -0.267842 -0.0170066 0.227929 0.627503
0.949763 0.78725 -0.0170627 0.0584092 0.737128
-0.602506 -0.880834 -0.0971563 0.171964 0.204515
-0.0619197 -0.937998 0.248959 -0.154815 0.713865
0.450367 0.775813 -0.130267 -0.201556 0.45632
-0.465748 -0.443007 0.0521209 0.130563 0.937908
-0.2353 -0.0839458 0.205243 0.161422 0.640465
-0.94565 -0.202854 0.222181 0.186294 0.702241
-0.259126 -0.210637 -0.208307 0.151711 0.409412
0.573063 -0.277361 0.00466761 -0.0848838 0.465164
-0.897693 -0.578825 0.228714 -0.0331709 0.374278
-0.753096 -0.747083 -0.0424175 0.21435 0.278127
-0.0321493 0.0495901 0.23146 -0.0866364 0.1
-0.406112 -0.19734 0.102783 -0.213039 0.830225
-0.907255 0.964675 -0.16525 0.211105 0.852959
0.453708 0.799452 0.128068 0.0423029 0.255298
-0.5147 0.546267 -0.121623 -0.0365856 0.279869
0.816157 -0.134778 0.217762 0.175708 0.60309
-0.642934 0.911881 -0.149529 0.0258366 0.436421
-0.90776 -0.888536 0.17796 -0.0506208 0.1
-0.587398 -0.105648 -0.0879056 -0.210342 0.334146
0.502483 0.784823 0.187218 -0.0947286 0.384398
0.0167323 0.492997 0.0434745 -0.0973288 0.941502
0.207928 0.304451 0.151471 0.225339 0.83746
-0.641981 0.812501 -0.0911278 -0.162096 0.563304
-0.797754 0.34786 -0.0194958 -0.125178 0.745336
-0.94608 -0.297662 -0.218935 0.0282173 0.907389
-0.117412 -0.212265 -0.051594 -0.016818 0.95768
0.225007 -0.0475733 0.192452 0.0239595 0.66547
0.534066 -0.269792 0.17453 -0.144083 0.988163
-0.991951 -0.127859 -0.037927 -0.122334 0.65607
-0.91806 -0.152014 0.0152119 -0.134816 0.148935
0.613023 -0.604328 0.000335574 -0.175945 0.474005
0.457178 -0.483612 -0.128691 0.106167 0.643646
0.80288 -0.244838 0.217783 -0.0597918 0.986005
-0.608671 -0.190785 0.165472 0.226046 0.946523
-0.185191 -0.0279602 -0.113502 0.0609086 0.618958
-0.0885708 -0.359406 -0.000147745 -0.122492 0.746642
-0.537035 -0.74484 -0.0325699 -0.182114 0.83721
-0.953645 -0.747084 0.186576 0.0478101 0.362103
-0.031034 -0.944775 0.234928 -0.096568 0.464296
-0.11508 0.857499 -0.00857534 -0.237924 0.1
0.704129 -0.151619 -0.181648 0.20787 0.121834
-0.180202 -0.943772 -0.183565 -0.164995 0.632435
0.769517 -0.873889 0.134787 0.18589 0.249298
0.618961 0.754839 0.16039 -0.0922633 0.809704
-0.385677 -0.357898 -0.055099 -0.173668 0.883388
0.796934 0.0694948 -0.00342651 -0.0055826 0.154191
0.622282 0.115483 -0.197708 0.174412 0.1
-0.89816 0.18807 0.0105941 0.0418666 0.675561
-0.57735 -0.691096 0.0471682 -0.23751 0.8238
0.530853 0.343098 -0.029224 0.0380171 0.469964
-0.292092 0.887695 -0.034441 0.243346 0.133364
0.816366 0.735018 -0.110906 -0.0140455 0.740367
0.0420088 -0.388527 0.0386819 -0.187052 0.51804
-0.907345 -0.311529 -0.139869 -0.0582348 0.434055
0.852883 0.686765 0.173593 -0.0990465 0.296209
-0.641331 -0.976315 -0.175386 -0.142399 0.354877
-0.603817 0.763622 0.0642821 0.144549 0.648205
0.705606 -0.0029273 0.11184 -0.00362551 0.57523
0.580363 -0.0453345 0.15309 -0.191812 0.691372
-0.941296 -0.117625 -0.034121 -0.101951 0.1
0.0938056 -0.399485 0.141743 0.00120121 0.681966
0.263577 -0.896975 0.111212 0.0454756 0.412441
0.64219 -0.175013 -0.137834 0.101936 0.44581
-0.558208 -0.584082 0.0894095 0.209924 0.338247
-0.686081 -0.179421 -0.225506 0.140354 0.879354
0.670258 -0.606171 -0.149054 -0.224565 0.1
0.86249 -0.581059 -0.000972256 -0.216522 0.88627
-0.104889 -0.414166 0.186821 -0.0354348 0.850986
-0.270287 -0.85657 -0.0756209 0.0508978 0.635496
0.845251 0.568879 -0.00778766 0.151941 0.600529
-0.494703 -0.224118 0.0388156 -0.0277048 0.775492
-0.538 -0.862801 -0.236676 0.0248562 0.1
-0.581385 0.382076 -0.235598 0.0417835 0.1
0.451959 -0.891541 -0.1609 0.227828 0.472132
-0.0269667 0.0984824 0.00629303 -0.116992 0.1
-0.749027 0.199774 0.116596 -0.0462569 0.170716
0.300984 -0.550007 0.0359785 0.125718 0.202379
-0.307277 0.993858 -0.141471 0.142677 0.69291
0.165184 -0.648195 -0.0640977 0.0921791 0.451256
-0.416747 0.666787 0.0094029 -0.0407941 0.1
-0.127991 -0.681141 -0.110936 0.116036 0.706259
-0.587012 -0.395232 0.213225 0.0292408 0.280172
0.44588 -0.118317 0.232907 0.0765835 0.264237
0.888131 0.582264 -0.158406 0.225457 0.252776
0.34083 0.484661 -0.0540168 0.0317701 0.764988
-0.954932 -0.761611 0.162055 0.181226 0.429981
0.708885 -0.76992 -0.217099 0.0900677 0.79263
0.0441802 -0.673321 -0.0336649 -0.182101 0.604474
-0.0876994 0.560486 0.217552 -0.239689 0.556916
-0.204251 0.637389 0.22925 0.0138018 0.609675
0.0620517 0.636531 0.248881 -0.0568133 0.768203
0.895016 0.0395038 -0.232559 -0.17033 0.1
0.9549 -0.636568 0.0116296 0.149027 0.594606
-0.250215 -0.171461 0.112715 -0.158817 0.837196
0.245339 -0.970766 -0.132395 -0.0723652 0.87131
0.748845 -0.211426 -0.166427 -0.150012 0.801268
-0.152157 -0.43766 0.183755 0.0446493 0.829906
-0.0405194 -0.0472107 -0.0113357 0.124878 0.341503
0.100891 -0.910179 -0.108518 -0.157886 0.439046
0.778239 -0.1174 -0.185256 0.215386 0.874199
-0.701207 0.0206817 0.239265 -0.0348198 0.289642
0.790784 0.454907 -0.244755 -0.110859 0.1
0.191073 -0.180643 0.10092 0.0826741 0.234849
-0.723081 0.447487 -0.148289 -0.0317975 0.361629
0.271124 0.10432 -0.170819 0.130293 0.880151
-0.127281 0.544201 0.223603 -0.163252 0.1
0.252464 -0.600057 0.157733 -0.240483 0.1
-0.402213 0.131501 0.150413 0.196231 0.493695
-0.831446 -0.0282813 -0.144482 -0.151592 0.159498
-0.238496 0.707053 -0.133957 0.186726 0.944004
-0.0537022 -0.0711612 0.0685099 -0.241462 0.566905
0.0240608 -0.453418 0.239185 0.0659631 0.407938
-0.57507 -0.842694 -0.164431 -0.191091 0.103002
-0.442443 0.924139 0.00885877 0.12932 0.873899
-0.910151 -0.0842981 0.218736 -0.2237 0.1
-0.494287 0.559475 0.0543435 0.0716699 0.515563
-0.422431 0.83478 0.247906 -0.0223121 0.626646
-0.937922 0.366007 0.137626 0.117628 0.1
-0.51335 0.617949 -0.193228 -0.0193823 0.755698
-0.659164 0.900802 -0.0808935 0.115433 0.900615
-0.723107 0.235636 -0.0162173 -0.081233 0.945375
0.928791 -0.0432265 0.0114434 -0.240568 0.613133
0.307984 -0.104062 -0.202007 -0.24548 0.175017
-0.228295 -0.613148 -0.16255 0.20682 0.804956
0.940081 0.278328 -0.137022 0.119405 0.628782
-0.899888 -0.791547 -0.0196843 0.186771 0.137159
-0.476111 -0.95703 0.0681733 -0.208173 0.53988
-0.0879298 0.648594 0.131631 -0.0718675 0.685955
0.20259 -0.725857 -0.221423 -0.171193 0.666338
0.839176 0.146615 0.00877255 0.161566 0.860393
-0.0471513 -0.666582 -0.107267 -0.0548563 0.220066
-0.0554753 0.677171 -0.0798932 0.156217 0.547893
0.133676 -0.401728 -0.0811276 0.00559586 0.672758
-0.671586 0.834942 0.0743583 -0.116716 0.925974
0.0407165 -0.988039 -0.214386 -0.206647 0.997743
-0.0228595 -0.977969 0.168352 0.16281 0.719434
0.278969 -0.502475 0.0352214 0.18526 0.957561
-0.125949 0.961229 0.19659 -0.138895 0.744346
-0.492028 0.827852 0.20356 0.0165515 0.462824
-0.275791 -0.862357 0.042708 -0.192238 0.270339
-0.417825 -0.871843 -0.0436757 0.0403294 0.1
0.685594 -0.312612 -0.0687101 -0.138817 0.35879
0.0962757 0.856127 0.125861 0.069757 0.402509
-0.40126 0.573042 -0.209222 0.182672 0.180801
-0.858851 0.582825 0.108881 0.2064 0.101557
0.707926 -0.885776 0.0075399 -0.233943 0.157826
-0.307255 -0.896709 0.198638 0.233574 0.303882
-0.415024 0.262822 0.172497 0.190137 0.904955
-0.0487385 -0.456022 0.180797 -0.118448 0.457248
0.953002 0.83096 0.204266 -0.138229 0.509935
-0.843874 -0.369116 0.188155 0.0485141 0.317249
0.654547 -0.871366 0.112095 0.196972 0.940398
0.322431 0.59694 0.0999141 0.231301 0.644444
0.780974 0.591745 -0.130535 0.21223 0.530743
0.450704 -0.529208 0.189088 0.0683583 0.880014
0.566742 0.749615 -0.00253905 -0.0126 0.804617
-0.13683 -0.28888 -0.181002 0.0415788 0.1
0.865742 0.638745 -0.239649 0.0798375 0.115196
0.52488 0.807946 0.220678 -0.190186 0.499794
-0.523175 0.391774 0.000835478 0.178931 0.536468
-0.277003 -0.497629 0.172481 -0.0899588 0.971635
0.688378 0.50247 0.16705 -0.22626 0.683951
0.552337 0.774661 -0.109675 -0.233289 0.112917
-0.218766 -0.990543 0.224989 -0.159624 0.951823
-0.0495643 0.124031 0.114427 0.0827658 0.1
0.292243 0.825624 -0.0163464 0.205061 0.813089
-0.715497 -0.264618 0.183459 0.0435544 0.387055
-0.609789 0.897349 -0.195726 0.2381 0.583123
-0.742467 -0.571734 -0.158862 0.113496 0.443078
-0.64389 -0.0530375 -0.233254 0.0560359 0.1
0.021327 -0.98046 0.245462 0.214568 0.775074
0.960446 0.786251 -0.140839 -0.0989482 0.661237
-0.945203 0.0488393 -0.227401 -0.156636 0.84035
0.891846 -0.374425 -0.230963 -0.104855 0.736812
-0.433745 0.339843 -0.0567278 -0.122217 0.243867
-0.836568 0.0437328 -0.204096 0.00880122 0.353508
0.721307 -0.0801114 -0.105502 -0.219541 0.64095
-0.776375 -0.596084 0.168822 -0.0313879 0.1
0.537242 0.421326 -0.00388958 -0.0662964 0.971013
0.498013 -0.918495 0.130046 0.133236 0.559231
0.931408 -0.766953 0.169891 -0.195378 0.44755
0.200522 -0.938266 -0.153622 -0.153957 0.317465
-0.614436 0.171371 -0.0794587 0.194702 0.1
-0.843808 0.41558 0.158068 0.245376 0.981543
-0.269351 -0.341718 0.0199563 0.0588779 0.882081
-0.534813 -0.819264 -0.0379076 -0.243915 0.956522
0.214535 -0.0129005 0.0285924 -0.0945808 0.427239
-0.555307 -0.36151 0.0852676 0.00817171 0.972641
0.840538 0.728738 0.174235 0.249413 0.599257
0.641949 0.965318 0.132591 0.0211096 0.761387
0.744336 0.852511 -0.0425542 -0.0311666 0.925399
0.0129265 -0.283375 0.237856 0.17833 0.1
0.417734 0.298133 -0.204047 -0.215857 0.565867
-0.00774348 0.681301 -0.0107868 0.196508 0.827449
0.0116872 0.44258 -0.199783 0.11061 0.44241
-0.941996 -0.305766 0.012565 0.0560042 0.923929
-0.421267 -0.57336 -0.206692 0.029992 0.29014
-0.09539 0.135616 0.015927 -0.0064988 0.778991
-0.890335 -0.985849 0.0827391 -0.185524 0.363342
-0.573164 0.248459 0.0919285 -0.211163 0.706011
0.629291 0.0169379 0.175196 -0.0164959 0.978869
0.606275 -0.652636 -0.0902322 -0.20391 0.195934
-0.575663 0.0880524 -0.0857617 0.0459337 0.958031
-0.496439 0.903787 0.184023 0.0605193 0.158162
-0.348867 -0.441713 0.067123 0.152511 0.66233
-0.449596 0.517632 0.112372 -0.237923 0.554239
-0.261612 -0.360718 0.194198 0.176903 0.394672
-0.36137 0.0941559 0.104015 0.156366 0.883322
0.332933 -0.357564 -0.0450523 -0.0357551 0.486646
-0.385405 -0.876836 0.0996104 -0.100721 0.438018
-0.407938 -0.267439 -0.176575 0.214662 0.304963
-0.681189 -0.769772 -0.249608 -0.148459 0.805848
0.825478 0.950405 -0.0564798 -0.171562 0.1
0.996865 -0.611213 -0.172657 -0.212766 0.130664
-0.383758 0.166684 -0.0720401 -0.200066 0.564877
0.26636 -0.764228 -0.0634311 -0.157179 0.740063
0.495783 -0.840801 -0.0629274 0.0542167 0.550986
0.457611 0.260896 -0.0764757 0.0167263 0.259944
0.469498 -0.214671 0.108511 -0.0694859 0.129453
0.352691 -0.738812 -0.0253436 -0.223074 0.224336
0.73938 0.695655 -0.114759 0.0552177 0.523203
0.271978 0.863219 -0.0207242 -0.114971 0.93364
0.458525 -0.682147 0.056184 -0.0523466 0.953492
0.726221 -0.89825 0.119654 -0.0633773 0.1
0.894019 -0.9688 0.187014 -0.116137 0.48104
-0.302956 -0.20033 0.248151 -0.199359 0.97191
0.992697 0.736207 0.0558923 0.142376 0.280635
-0.0305371 0.234002 -0.0748142 0.232815 0.235959
-0.959928 -0.180832 0.0525148 -0.181953 0.1
-0.403853 0.748082 -0.174593 0.0775618 0.897882
-0.222244 0.392763 -0.0319247 0.0453956 0.818452
-0.606414 0.841784 -0.185549 0.15621 0.671713
0.814449 -0.405929 -0.202981 0.0318232 0.104548
0.176374 -0.871597 0.0535061 -0.0916074 0.217706
-0.720732 -0.879704 0.145641 0.0088506 0.440304
0.0588135 0.945392 0.0288775 -0.0256795 0.962991
-0.226403 -0.542857 0.0344701 -0.171897 0.1
-0.425971 -0.761259 -0.0887209 0.190424 0.947489
-0.808604 0.0611385 0.158353 0.0713092 0.709665
-0.143378 0.507861 0.0752029 0.211499 0.1
0.267123 0.260134 0.207916 -0.067127 0.878401
-0.743607 -0.31676 0.034714 -0.210138 0.516097
-0.8585 -0.46128 0.217832 -0.114676 0.906636
-0.764714 -0.928838 -0.0725734 -0.0528935 0.363074
0.920794 0.1984 0.22363 -0.0428724 0.608389
0.883205 -0.218178 -0.0196492 -0.148739 0.878877
0.660063 -0.139964 0.0548576 -0.221083 0.748421
-0.174115 0.522157 -0.00153019 -0.185617 0.720261
-0.454281 0.077281 -0.136349 -0.000622317 0.504485
-0.226938 0.156415 -0.213512 -0.122926 0.535162
0.762592 0.506586 0.10285 -0.188615 0.925069
0.457198 0.584918 0.0030497 0.160093 0.939486
-0.448965 0.108339 -0.148997 0.153254 0.363808
-0.11357 -0.432828 0.13143 -0.191516 0.1
0.92613 0.410016 0.0842152 0.148314 0.556831
-0.522589 0.622925 -0.0681792 -0.234322 0.932532
0.993019 -0.228443 -0.163089 -0.162161 0.326729
-0.330642 0.189897 0.10946 0.0144558 0.198927
0.750692 0.812387 0.206703 0.105944 0.864738
0.725978 -0.412295 -0.133616 0.00924966 0.7648
-0.952128 -0.737027 -0.00335392 0.204973 0.641593
0.869867 -0.187811 0.00996926 0.216155 0.1
-0.231216 0.693422 0.00803852 -0.125946 0.476931
-0.987231 -0.591987 0.000211895 -0.224365 0.227619
0.370494 0.210185 -0.0296565 -0.0128432 0.431504
0.371824 -0.207625 -0.168849 0.0390854 0.19875
0.299098 -0.567963 -0.0379238 0.172297 0.248537
-0.58821 0.818482 -0.0571988 0.108328 0.841322
0.747112 0.429057 -0.13115 -0.0242654 0.693065
0.0311807 -0.503718 0.220058 -0.0866035 0.938497
-0.619953 -0.227675 -0.117621 0.144797 0.609276
-0.468397 0.113071 0.172425 -0.0476857 0.493969
0.863203 0.966944 -0.202115 -0.145538 0.189695
0.935424 -0.757398 -0.0230857 0.0413274 0.740303
0.98688 0.885672 0.0289695 0.228761 0.588409
0.192592 0.0917714 0.127317 0.153019 0.863286
-0.397407 -0.108173 -0.122583 0.135986 0.702084
-0.670844 0.960224 -0.13989 0.111876 0.414169
-0.854321 0.531857 0.161256 0.0824968 0.224748
-0.169318 -0.818359 -0.0903932 0.21537 0.852234
0.145883 0.822404 -0.129298 0.0791036 0.416831
-0.329448 0.347026 -0.0505566 0.0747314 0.1521
0.0409611 -0.724571 0.173333 0.23029 0.988569
-0.644384 -0.359632 0.0967116 -0.245864 0.848837
-0.407069 -0.0761843 -0.129572 -0.132678 0.665279
-0.184693 -0.746129 -0.0764608 -0.153419 0.927757
0.452066 -0.0469773 -0.193191 -0.196019 0.1
0.555525 -0.525341 -0.220325 0.227301 0.1
0.450158 -0.456925 -0.0800338 -0.0446618 0.1
-0.633003 -0.54907 0.0995246 0.18477 0.785652
-0.979912 -0.253636 -0.208899 -0.0543872 0.357972
-0.833132 0.299681 0.224445 -0.135039 0.278841
0.773287 0.611288 0.0934714 -0.209596 0.835208
0.567855 -0.30467 0.0379233 0.188208 0.243486
0.047712 -0.535026 -0.0839799 0.0798745 0.209988
-0.242966 -0.836016 -0.24607 0.141398 0.917049
0.0326895 0.788858 0.0243758 0.108373 0.207861
0.605379 -0.562741 0.182492 -0.0664813 0.79163
0.00271237 0.863206 0.102232 0.187045 0.212087
0.00116098 0.698661 0.00140852 0.0786534 0.317553
0.23818 0.336284 0.12734 0.240943 0.595484
-0.46283 -0.960295 0.0501029 0.0790078 0.225448
-0.924955 -0.193382 -0.0576931 0.145877 0.232393
0.164224 0.353474 0.157906 -0.10204 0.466349
0.0769482 0.905446 0.0566874 0.168702 0.340497
0.316841 -0.478537 -0.0412448 0.0192277 0.937837
-0.343706 0.867297 0.178836 0.226066 0.951919
-0.196787 -0.958132 -0.0780013 -0.0680944 0.452716
-0.494438 -0.167463 0.0697899 -0.0387129 0.100065
-0.576911 -0.836716 0.197682 -0.148897 0.483076
0.391386 0.815808 0.189402 0.142704 0.1
-0.488786 -0.964927 0.20776 -0.137003 0.483265
0.64425 0.538831 0.172394 0.137744 0.234566
-0.499177 -0.328686 0.0865507 -0.232064 0.687351
-0.421153 0.344887 0.12868 -0.164479 0.920694
0.750904 -0.286539 -0.178716 0.132112 0.502479
-0.619693 0.00414658 -0.145322 0.0799277 0.31981
-0.556941 0.255055 0.0782093 -0.10373 0.91746
0.866531 -0.677417 0.120173 -0.229562 0.296377
-0.73204 0.363419 -0.211573 -0.203762 0.749409
-0.92541 -0.798261 0.0638736 -0.078719 0.990034
-0.630865 0.68678 0.185733 0.147911 0.211096
0.527818 0.0787435 -0.0595567 -0.0416626 0.1
0.0917155 0.169811 0.0457144 0.155782 0.547997
-0.272755 0.882142 0.0862765 -0.223209 0.827346
0.873794 0.29784 -0.190898 -0.22629 0.296286
