10000
2000
0.01
1
0.01
-0.605186 -0.474792 -0.249328 -0.21743 0.72397
-0.201458 0.574147 0.0904342 -0.2386 0.507912
0.846782 0.0270817 -0.0329151 0.0227841 0.389126
0.458034 0.0869751 -0.0263017 0.222029 0.75001
0.107623 0.801429 -0.00107053 0.241916 0.358532
0.182331 -0.00784123 0.136044 0.0251095 0.1
0.0542114 -0.717193 -0.0984619 0.130712 0.977443
-0.398348 0.614254 -0.00452735 -0.0845857 0.1
0.489246 0.950628 -0.0923853 0.140925 0.753865
-0.163781 0.356173 0.114167 -0.181729 0.729777
0.895101 -0.828358 -0.139941 -0.130459 0.600085
-0.324259 0.214306 -0.038667 0.0984503 0.729589
0.259281 0.632331 0.0340102 0.180248 0.958097
-0.722735 -0.104133 -0.204311 0.148328 0.79404
0.603479 -0.703002 0.0177802 0.110433 0.617909
0.125742 -0.480469 -0.158551 -0.100211 0.508243
0.927117 0.582393 -0.0366444 -0.197317 0.260126
0.973601 -0.730819 0.131394 -0.139104 0.574849
0.912204 0.495056 0.146745 0.0636809 0.757102
-0.139176 0.741213 0.112697 -0.203685 0.33367
0.927033 -0.807304 -0.0894834 -0.098093 0.505921
0.89532 -0.464647 -0.000549793 0.0423823 0.199127
-0.466589 0.0804875 0.0503794 0.177323 0.223514
0.375486 -0.042649 0.201493 0.190537 0.605691
0.49834 -0.270715 -0.161943 0.162174 0.3039
0.855035 -0.143069 -0.0840635 -0.229506 0.869294
0.848555 0.410397 -0.213117 -0.135738 0.685683
-0.987697 -0.620791 -0.119869 -0.0569738 0.1
0.011317 0.0950118 0.160297 0.210039 0.1
0.338759 -0.664259 0.0467762 -0.179031 0.500826
-0.930445 -0.0941132 0.161661 0.107565 0.318761
-0.523081 -0.170436 -0.108199 0.192748 0.1
-0.874525 -0.79077 0.231892 -0.217227 0.673418
0.912227 0.885364 -0.0785169 -0.188114 0.892659
-0.0765706 -0.402784 -0.108455 0.249163 0.191785
-0.0949728 -0.521999 0.123832 0.243356 0.641477
-0.767491 0.936034 -0.101458 -0.0278454 0.1
-0.923381 -0.988486 0.167909 -0.159964 0.1584
-0.212604 0.074687 0.246222 0.148325 0.307523
0.639189 -0.647912 -0.0783418 -0.160996 0.626424
0.563693 -0.3545 -0.179383 -0.129442 0.828894
0.706691 0.0256404 0.0931748 0.0189663 0.401984
-0.991728 -0.530042 -0.223149 -0.226648 0.29284
0.047142 -0.745372 0.199535 -0.0469276 0.471681
0.668024 -0.89291 0.201481 -0.228832 0.623825
-0.29315 -0.0289406 0.0761157 -0.0413504 0.108989
0.143491 0.753358 0.0171255 -0.0643866 0.457107
0.151233 -0.613037 -0.221698 0.137168 0.701688
0.392064 0.402146 -0.220219 0.0771607 0.288822
-0.790299 0.300387 -0.21986 -0.128746 0.228766
-0.769888 -0.216643 -0.117888 0.227372 0.1
-0.193806 -0.516469 0.000639498 0.148315 0.724329
-0.392896 0.894829 -0.0557257 -0.0872342 0.782405
0.520662 -0.030073 0.0209902 -0.0492356 0.729258
-0.687675 -0.566496 0.0923944 0.18157 0.633105
-0.282213 -0.684191 -0.0701144 -0.0956217 0.453616
-0.63837 -0.33687 0.122108 -0.176566 0.26912
0.954663 0.946808 0.0962384 0.169717 0.80446
0.208533 0.503003 -0.0880362 0.100426 0.598972
0.568772 -0.694286 0.165673 -0.243326 0.633248
-0.22759 0.968261 -0.16101 -0.179357 0.466217
0.40718 -0.438618 0.149356 0.0297125 0.270705
-0.284776 0.174959 0.0722224 -0.177331 0.304554
-0.878978 0.847916 -0.206843 0.0830842 0.547675
-0.931757 -0.67019 -0.173646 -0.223255 0.242349
-0.908098 0.535468 -0.134185 -0.199674 0.376643
-0.692415 0.495726 -0.10756 -0.127525 0.769543
-0.852912 0.158951 0.0909472 -0.0518455 0.186063
-0.914394 0.350867 0.214063 -0.0807632 0.197294
-0.500445 0.51547 -0.178118 -0.0377741 0.421745
-0.7114 -0.0775847 0.013035 -0.177074 0.942069
0.727147 -0.494716 0.230335 -0.0170375 0.77591
0.834558 -0.996151 0.0210318 0.233086 0.480013
-0.891668 -0.0114468 -0.159216 0.141807 0.180894
-0.350838 0.828064 0.0574852 -0.152872 0.1
0.544576 0.242814 -0.00960317 0.024995 0.214569
0.331315 -0.936272 -0.224123 -0.184646 0.576173
0.235481 -0.771467 0.239219 0.0535239 0.1
0.239152 0.356918 0.123349 -0.139666 0.1
-0.258151 0.102564 0.0694571 -0.198622 0.416042
-0.313264 -0.375624 0.0442396 0.0473293 0.956223
0.181777 0.213487 0.236005 0.0412421 0.838317
0.787289 -0.678876 -0.101341 -0.190962 0.336742
0.995012 -0.858446 -0.14748 -0.103238 0.933635
-0.265506 0.37405 0.0789832 0.154166 0.823112
0.946046 0.0605286 -0.151654 0.129081 0.1
-0.0683433 0.158348 0.0855734 -0.0388771 0.124598
0.793836 -0.0535421 0.140131 0.0835873 0.651411
-0.725639 0.0327108 0.10853 -0.212809 0.955896
-0.961145 -0.377101 -0.0587728 0.157812 0.47231
-0.395909 -0.739618 -0.237412 -0.102009 0.85967
-0.163952 -0.208753 0.178896 0.0515509 0.825036
-0.286611 0.936953 0.0155664 0.0809586 0.700244
0.680563 -0.506784 -0.0384867 0.0661996 0.1
-0.238521 -0.598254 -0.0623224 -0.0996399 0.198186
0.137768 0.458563 -0.10492 0.0795258 0.676941
-0.0364462 -0.338346 0.0668702 0.173853 0.239332
0.370576 -0.543066 0.194098 -0.143295 0.925554
0.82501 0.884048 0.105127 -0.202085 0.643331
-0.407051 0.745999 -0.0822318 -0.0238467 0.241512
-0.887747 0.410766 0.206809 -0.00177173 0.270891
-0.240234 0.404274 0.0576746 -0.15683 0.916924
0.392483 -0.626301 0.0252151 -0.00588278 0.725666
0.505969 -0.872764 -0.155747 -0.105032 0.587485
0.306415 0.0118266 -0.00465874 0.049743 0.330558
-0.0798589 -0.80281 -0.248584 0.0702934 0.924688
-0.914425 0.835766 0.229006 0.0735918 0.512723
-0.826199 0.226266 -0.175433 -0.191676 0.694803
0.617486 0.605424 -0.0343606 -0.13486 0.563641
0.295139 -0.826673 -0.210748 -0.0545815 0.36349
0.456863 -0.693619 0.224935 0.219414 0.316504
0.961989 -0.244646 -0.047996 0.209551 0.443566
0.0916703 0.89424 -0.171306 -0.169542 0.1
-0.0362753 0.888948 0.120369 -0.0837826 0.805972
-0.787915 -0.63103 0.193296 0.164592 0.466875
-0.487894 -0.337521 0.231693 -0.0639869 0.289059
-0.802346 0.542343 -0.223196 -0.178239 0.273882
-0.364045 0.441397 -0.124778 0.178061 0.1
0.165665 0.254285 0.219954 0.0997801 0.44278
0.382208 0.60042 0.11113 -0.102428 0.1
0.112718 0.796906 0.219278 -0.125592 0.761494
0.323043 -0.13796 0.0400468 -0.0931768 0.565481
0.456588 0.951799 -0.0177825 0.166375 0.460023
0.23058 0.74889 -0.0748106 0.201268 0.295494
0.306142 0.308118 -0.0417069 0.2003 0.174311
-0.730233 -0.8664 -0.0573449 -0.116831 0.902838
0.794091 -0.515396 0.0107972 0.215399 0.626873
0.66646 0.121152 0.103385 0.0326325 0.975209
-0.276983 -0.247016 -0.0585741 -0.180328 0.876824
0.094757 -0.0962905 0.166621 -0.0782709 0.838864
0.766986 0.750784 0.167517 0.131893 0.774339
0.285899 0.387743 0.175094 0.112687 0.364223
0.0649735 -0.833804 -0.110915 -0.205703 0.410747
-0.455901 -0.4003 -0.087189 0.0976943 0.1
-0.790916 0.965903 -0.0827411 -0.105086 0.808852
0.949561 0.378799 -0.151133 -0.204674 0.713871
0.405484 -0.603163 0.115831 0.121468 0.68095
-0.431452 -0.199736 -0.132915 0.0465879 0.1
-0.775864 0.141182 -0.085427 0.221142 0.722411
0.836954 -0.980993 -0.00205611 0.0422801 0.262589
-0.670549 0.651257 -0.00758737 0.0190984 0.901385
-0.17285 -0.800707 -0.0688593 -0.146576 0.392161
0.375223 0.741124 -0.103867 0.11958 0.189117
0.11569 0.712833 -0.18805 0.167296 0.505111
-0.862583 0.0734249 0.238494 0.194907 0.264743
0.74438 -0.439515 0.00490028 -0.0142113 0.227364
0.709247 0.627979 0.0150712 0.0594042 0.449208
0.232392 0.274959 -0.234351 -0.116425 0.158171
-0.627634 0.5487 0.0512487 -0.111522 0.611325
0.00178349 -0.363992 0.186978 -0.09539 0.191627
-0.257037 -0.780931 0.155805 -0.193643 0.603185
-0.725726 -0.882206 0.065838 0.116184 0.365064
0.922037 0.32795 0.136461 0.061821 0.705516
-0.78255 0.276714 0.130594 -0.167957 0.50566
0.645795 0.777576 -0.238321 -0.0662406 0.696616
0.199707 -0.205779 0.105405 -0.199036 0.1
-0.556479 0.904131 -0.107411 -0.143732 0.718469
0.282743 0.758101 -0.205004 -0.0385487 0.134067
0.46786 -0.0853842 -0.154814 0.147067 0.252807
-0.401008 -0.365286 0.153792 -0.0241747 0.303025
0.667362 -0.935759 -0.127649 0.194748 0.5954
-0.617157 -0.0963809 0.146876 -0.0777448 0.108723
0.446094 -0.713125 -0.222967 0.115572 0.393973
-0.206294 0.317012 0.0923715 -0.0331621 0.293199
-0.164418 0.478773 0.0913598 0.0705119 0.756123
-0.596328 -0.0685188 0.144939 0.203781 0.645592
0.424928 0.0348734 0.0916032 -0.12985 0.501678
-0.560703 0.949981 -0.0546685 -0.247306 0.8418
0.0334125 -0.618794 0.162047 0.193767 0.749391
0.736461 0.74892 -0.156698 0.165224 0.207023
-0.278406 -0.202657 -0.183431 -0.235294 0.422879
-0.355459 -0.771157 0.116321 0.220958 0.394026
0.735145 -0.363396 -0.0827083 0.0766538 0.506819
-0.99981 0.629164 0.205978 0.208689 0.345519
-0.272572 0.154724 0.0114703 -0.110499 0.73667
0.930721 0.888015 0.138676 0.0219094 0.292161
-0.514317 -0.987392 0.12624 0.0444101 0.550345
0.0539793 -0.687896 -0.192542 -0.199188 0.1
-0.739868 -0.000989556 -0.20931 0.190503 0.450341
-0.601979 0.742731 -0.0700175 -0.225589 0.682031
0.249422 -0.907795 -0.0590097 -0.130259 0.134566
0.818954 0.265109 0.175677 0.0824122 0.530369
-0.583769 0.116502 0.0781184 0.133869 0.1
-0.863713 0.198159 -0.0820892 0.183222 0.839007
-0.911051 0.843406 0.0080741 -0.230353 0.710162
0.148322 -0.116046 -0.00381216 -0.168585 0.437207
0.2459 -0.256105 -0.131495 0.0845283 0.968533
-0.984766 -0.366239 -0.086744 0.146373 0.828191
-0.446892 -0.228552 0.172251 -0.205408 0.715198
0.136337 -0.761752 0.187311 0.00326353 0.704759
0.303688 -0.985424 0.210809 0.140923 0.660191
0.253091 -0.590906 0.0514042 0.0887873 0.809203
-0.994422 0.196355 0.15755 0.133923 0.753405
-0.16346 -0.375857 -0.0681174 0.0880631 0.625339
0.215341 0.985191 0.239627 0.0526386 0.548954
0.728102 -0.478094 0.147375 -0.19751 0.671375
0.804794 0.140136 -0.0413815 0.194784 0.464387
0.664685 0.538041 0.222784 -0.176176 0.781445
-0.609517 0.721405 0.067021 0.149781 0.121214
0.142806 0.445524 0.131715 0.12725 0.1
-0.935243 -0.0934313 -0.130297 0.0873597 0.449556
-0.645559 0.341808 0.224503 0.0951435 0.964256
0.7806 0.912238 -0.182128 -0.170958 0.471322
-0.200543 0.859583 -0.183734 0.205552 0.639631
0.881938 0.134331 -0.119825 0.0685656 0.810407
0.894974 0.99201 0.0241643 -0.106663 0.261727
0.268102 -0.848039 0.0569514 0.0761441 0.379414
0.167632 -0.839149 0.181247 -0.226294 0.201828
0.325664 0.16955 0.117399 0.102637 0.419123
0.547765 0.0266337 -0.122383 -0.219724 0.426872
-0.351081 -0.332816 -0.145247 -0.137254 0.71122
-0.180721 0.698751 0.0821715 0.228131 0.881159
0.288809 -0.190479 -0.148714 -0.197559 0.617048
0.0224525 -0.441748 0.199274 -0.168152 0.710499
-0.944894 -0.715646 -0.03404 0.0593266 0.811685
-0.656059 0.612478 0.142264 -0.0730438 0.98766
-0.753862 0.908042 0.154533 0.108761 0.58241
-0.826427 0.542163 0.178758 -0.181876 0.71822
0.836132 -0.474316 0.162851 -0.0639717 0.260369
0.681179 0.19094 0.120419 -0.196022 0.721599
0.263471 0.953269 -0.0688351 0.0131395 0.132743
-0.640684 -0.589031 -0.247365 0.201141 0.1
-0.892228 -0.258311 0.175225 0.201021 0.760841
0.798576 -0.773263 -0.092533 -0.125186 0.716052
-0.0556481 0.138031 0.117197 0.229939 0.674777
-0.897897 -0.871099 0.0905586 0.0146907 0.337205
0.422891 -0.400453 -0.159555 -0.0355041 0.1
-0.583138 0.552621 -0.0686727 -0.113864 0.903199
0.944025 0.293718 -0.213517 0.231936 0.710021
0.8408 0.964859 0.00545004 -0.00581506 0.759676
-0.126432 -0.849034 -0.154155 0.111015 0.1
0.0977991 -0.875032 0.177128 0.0172309 0.871231
-0.96082 0.760858 -0.0883686 0.180829 0.423699
0.374404 -0.278131 0.247693 0.153809 0.1
-0.185237 0.532073 -0.0606743 0.0191258 0.459671
-0.491538 0.583912 -0.0817267 -0.194069 0.581804
0.991777 0.0074116 -0.195068 -0.249023 0.137192
0.780576 0.527054 0.178122 -0.0606225 0.767902
-0.889066 0.27057 0.145161 0.030698 0.381093
0.192122 -0.487724 -0.184914 -0.19005 0.116048
0.315946 0.423114 0.0608059 0.208605 0.49951
0.349714 -0.324399 -0.101781 -0.248865 0.212814
-0.574116 -0.401478 0.092985 0.0791565 0.944139
0.342914 -0.36603 -0.0772481 0.151038 0.740654
0.740591 0.162338 -0.160114 -0.225874 0.674319
0.925836 0.223362 0.149906 0.0973277 0.626262
0.289956 0.304817 0.1499 -0.118804 0.978583
0.21494 -0.650893 -0.116511 0.0564321 0.382701
-0.308548 0.0548066 0.202946 -0.0388706 0.975436
-0.165729 -0.54015 0.0872666 0.00749213 0.238491
-0.859366 0.553312 -0.176865 0.234888 0.1
-0.617953 0.119919 -0.182484 0.127758 0.259293
0.926714 0.78488 -0.248729 0.137846 0.279752
-0.944743 -0.579892 -0.116156 -0.0234125 0.83315
-0.857276 0.247311 -0.244564 -0.111693 0.153504
-0.126474 0.839184 -0.19957 -0.093903 0.798272
0.139147 0.553972 -0.075929 0.16308 0.764875
0.874327 -0.749954 -0.194853 -0.137023 0.642732
-0.282469 0.977764 0.0329023 0.10515 0.621586
-0.795616 -0.634991 0.205883 -0.247848 0.71208
-0.16215 0.307205 0.00243393 -0.0789847 0.312205
0.823363 0.123677 0.0218827 -0.0484581 0.768116
0.57993 0.232986 -0.139647 0.233336 0.422233
-0.827566 -0.568087 -0.142234 0.209279 0.342764
0.177129 -0.339788 -0.138685 0.0276915 0.892615
0.482051 -0.686562 0.131641 -0.0748541 0.488564
-0.219583 -0.22097 -0.068078 0.0656181 0.831196
0.201327 0.678268 -0.198852 -0.0244553 0.440415
0.469862 0.301166 -0.0460311 -0.246496 0.1
0.595533 -0.490133 0.103347 0.112792 0.1
0.581597 -0.679066 -0.0489728 0.0938846 0.604153
0.602255 -0.0661202 -0.077549 -0.00287487 0.1
-0.751855 -0.129435 0.0600866 0.103495 0.998637
-0.822753 0.678872 -0.098653 0.0358346 0.372281
0.792003 0.177 -0.165124 -0.0957436 0.569226
0.697773 -0.989475 -0.0912754 -0.233488 0.987302
-0.0645598 -0.469975 -0.0829841 0.186307 0.465157
-0.253416 -0.482686 0.228965 0.198482 0.849583
-0.588286 0.684995 -0.187931 -0.169001 0.760716
-0.673614 0.395641 0.162886 0.138902 0.1
0.768792 0.384037 0.0660749 -0.00103034 0.120428
-0.443632 0.824646 0.154351 -0.0800548 0.1
0.9489 0.298715 -0.00940071 -0.234967 0.306857
0.810949 0.0658067 -0.0377292 -0.0631988 0.243343
-0.0609492 0.0488101 0.0709554 0.00207028 0.314815
0.961343 -0.922082 -0.188208 -0.0284157 0.661372
0.585748 -0.0107908 -0.0663411 0.0910315 0.524779
0.332217 -0.353589 -0.226956 0.0223241 0.917082
-0.835228 0.472757 -0.0505449 0.0702247 0.244928
-0.238301 0.835422 0.0917178 0.237945 0.835712
-0.3692 -0.011598 -0.0919816 -0.165177 0.382188
-0.614513 0.315651 -0.234253 0.128412 0.380004
-0.486655 0.44558 0.198834 0.0246287 0.962204
-0.692404 0.598312 0.0341881 0.0790695 0.674496
0.249054 -0.308602 -0.102179 -0.0514025 0.112994
-0.126776 -0.686763 -0.132334 0.181287 0.479813
0.855484 0.954627 -0.209175 -0.215294 0.1
-0.235313 -0.674269 -0.1462 0.0137034 0.389781
0.733642 0.455471 -0.102541 -0.179579 0.417257
0.381175 0.155591 0.182452 0.215653 0.458038
-0.0102356 -0.299312 -0.00937375 -0.0965999 0.124865
-0.373393 0.809729 -0.243971 -0.217923 0.1
0.507172 -0.465599 -0.133491 0.151162 0.424593
0.169004 0.0568498 -0.210788 0.0952096 0.1
-0.760962 -0.0371592 0.247284 0.181076 0.547716
-0.567744 0.360461 -0.206336 -0.197139 0.459188
0.913648 0.597164 -0.0648942 0.076323 0.23743
0.606877 -0.32494 -0.0996574 -0.248306 0.265685
-0.756243 -0.707377 0.0377552 -0.190343 0.548939
-0.716822 -0.873481 -0.164929 0.221837 0.102385
-0.426332 0.119966 -0.0291529 0.134854 0.428926
0.15609 -0.714906 -0.233633 -0.126089 0.423088
0.00872803 -0.498063 0.0218948 -0.0938644 0.287952
-0.701462 -0.389995 -0.0460299 0.0588957 0.562067
-0.422897 0.150992 -0.0234476 0.225259 0.1
-0.0582556 0.205569 0.177676 0.0158431 0.386043
-0.396203 -0.735078 0.0841778 0.0672229 0.56526
0.485425 -0.0705096 0.180228 -0.189599 0.687199
-0.58161 -0.434352 -0.225566 0.10288 0.139542
-0.189287 0.04582 -0.204841 -0.0756978 0.596432
-0.960823 0.493013 0.118209 -0.0620017 0.935255
-0.027226 0.605075 -0.210819 -0.183342 0.624325
-0.994197 0.12095 -0.249278 -0.0456918 0.649114
0.782795 0.319911 0.0505412 -0.118088 0.293758
0.0152783 0.577803 -0.155109 -0.00727795 0.998578
-0.205911 -0.0957139 0.231576 -0.0678916 0.924792
-0.22022 -0.170274 -0.212251 -0.0637605 0.308043
-0.138539 -0.556194 0.0247457 -0.10308 0.452421
0.533134 0.512892 0.155595 0.105815 0.572891
0.212959 -0.461644 -0.228305 -0.181799 0.827183
0.796158 -0.374094 0.209936 0.238878 0.366695
-0.916466 -0.532282 -0.103058 -0.183256 0.523887
0.423776 0.139996 0.146288 -0.170658 0.135772
0.84105 0.998737 0.0027371 0.225629 0.36002
-0.455927 -0.24058 -0.219015 0.214657 0.1
0.793211 -0.240724 -0.151982 -0.217244 0.530628
-0.118805 0.413379 0.184283 0.126859 0.503543
0.409895 0.574676 -0.0495348 0.0357053 0.233448
0.511133 0.966905 0.202602 0.204236 0.214244
-0.269444 -0.268992 0.202549 0.245543 0.791042
0.711876 -0.710657 -0.113165 -0.066881 0.493442
-0.0190756 -0.945627 -0.189022 -0.12448 0.915615
-0.180421 0.684399 -0.0104566 0.219203 0.1
0.0950438 -0.81205 -0.184736 0.148405 0.968141
0.222944 0.732163 -0.00136529 -0.240927 0.407366
0.322956 0.598887 0.0694742 0.145821 0.97609
0.377276 -0.593206 0.0383316 -0.184692 0.669151
-0.218051 -0.92837 -0.223882 -0.186583 0.651755
-0.760267 0.412471 -0.0282588 -0.164619 0.1
-0.763762 0.646195 0.068116 0.154289 0.651512
0.334607 0.883062 -0.0654825 -0.218236 0.941742
-0.0491166 -0.985313 0.0586905 0.233112 0.249926
-0.782149 0.824754 0.234112 -0.125151 0.284475
-0.925802 0.212546 0.244667 -0.221178 0.244261
0.359239 -0.327367 -0.24544 0.201392 0.400758
0.51348 0.828992 0.154517 -0.0722402 0.36427
0.610898 0.0985997 -0.0914163 -0.174587 0.433847
-0.576055 -0.473065 -0.165009 0.209073 0.483868
0.58327 0.959296 0.106578 -0.165999 0.762911
0.105468 0.601102 -0.00339635 -0.172877 0.425836
-0.566238 -0.427289 0.0111229 0.119536 0.700002
0.0707264 -0.872607 -0.00963698 -0.100192 0.452042
0.576782 -0.619921 0.238728 -0.0262105 0.893854
0.489628 -0.611459 0.24337 -0.0362358 0.695651
-0.486459 0.444147 0.0804058 0.0676375 0.738541
0.993076 -0.887972 0.00154603 0.225819 0.1
0.588952 0.542047 0.0426659 0.144482 0.17139
-0.415776 -0.373558 0.00887197 0.109823 0.722731
-0.892827 0.0945898 0.0191537 -0.196276 0.1
-0.182974 0.37773 -0.0736529 -0.0551397 0.415865
0.0809098 0.242455 0.121811 0.0582342 0.287069
-0.766909 -0.043961 0.0564492 -0.116035 0.1
0.601419 0.940475 0.0262797 0.0415108 0.943321
0.201305 0.656305 -0.069878 -0.035203 0.958753
0.0598203 -0.781528 -0.139347 0.175922 0.839874
0.192022 -0.814117 0.2357 -0.197884 0.1
-0.465253 0.701201 -0.148059 -0.0821765 0.850464
0.913766 0.792512 -0.115481 -0.0338104 0.110635
-0.15559 0.972109 0.0401359 0.164514 0.7301
0.937408 0.415174 0.114943 -0.162937 0.511099
-0.100063 0.242424 -0.0518312 -0.0894142 0.517321
0.642226 0.164099 0.00728348 0.146816 0.484045
-0.996668 0.14432 0.176572 -0.249447 0.209987
-0.483407 -0.128945 -0.224308 0.246419 0.787772
-0.555731 0.153102 -0.0431719 -0.210655 0.814752
-0.768276 0.322929 -0.120709 -0.0590734 0.672224
-0.372075 -0.795146 0.173839 0.185641 0.1
0.582934 0.374662 0.131121 0.172919 0.203029
0.67566 0.426329 -0.0711583 0.0753364 0.217669
-0.60372 0.589921 0.0599949 0.0213415 0.254039
0.11837 -0.210613 0.0555311 -0.0645457 0.158782
-0.936432 0.055638 -0.222403 0.216777 0.1
0.834093 -0.231589 -0.246823 -0.0815117 0.739157
0.230034 0.283761 -0.191861 -0.14286 0.632124
-0.642062 0.237329 -0.0641664 0.214411 0.395371
0.270304 0.0641315 -0.0984426 0.0228875 0.733972
-0.798898 0.282977 -0.161499 0.233907 0.359493
0.952811 0.726163 -0.228263 0.201607 0.420951
0.928812 -0.986171 -0.216373 0.0204886 0.940461
-0.386874 0.743521 0.1211 0.242296 0.312856
0.693419 -0.64074 -0.153874 -0.061586 0.152095
-0.0470494 -0.595227 -0.144778 0.061548 0.413642
-0.295065 0.134285 -0.102944 -0.0151218 0.443587
-0.812125 0.888125 -0.151484 0.0989894 0.1
0.030207 0.552547 0.0335607 0.00249797 0.290774
-0.107596 -0.355042 -0.0999606 -0.0122026 0.694852
-0.218795 -0.127832 -0.0540486 -0.235708 0.242675
0.581102 0.440475 -0.167916 0.174476 0.332333
0.325287 0.932401 -0.222809 -0.131546 0.221757
0.983791 -0.0687386 0.0839227 0.0384352 0.258175
0.438488 0.398492 -0.0323806 0.186629 0.975986
-0.709498 -0.0819877 0.132807 0.156428 0.471582
-0.151172 -0.200604 0.0453261 -0.0837972 0.966325
-0.123829 0.470468 -0.0259723 -0.0978179 0.576887
-0.642818 0.570945 0.242681 -0.0455005 0.1
-0.377442 0.668965 0.118464 0.0679236 0.1
0.751873 -0.504033 0.121701 0.248628 0.773937
-0.259151 -0.728748 0.0135951 -0.23817 0.179592
-0.91643 -0.893529 -0.212581 -0.0226025 0.589286
-0.573729 -0.971096 0.185147 0.16204 0.827466
-0.86819 0.748781 0.249486 0.0126346 0.353687
0.319998 0.704716 -0.106859 -0.206976 0.516368
-0.106109 0.981015 -0.209955 0.0934075 0.942933
0.829874 0.660972 -0.17117 -0.123486 0.521754
0.0425221 0.963125 -0.217831 0.0340898 0.19101
-0.487482 -0.250961 0.00772333 -0.181744 0.734757
-0.67979 0.636861 -0.00287364 -0.221398 0.705117
0.170087 0.0941455 -0.114945 0.228555 0.477351
0.766099 -0.312156 0.0216332 0.00365546 0.2594
0.34555 -0.120129 -0.124183 0.0947267 0.263801
-0.273938 0.794252 0.161784 0.0579046 0.398294
0.481104 0.613311 -0.123112 -0.246685 0.786226
0.825533 0.611908 -0.165318 -0.172627 0.532402
-0.228628 0.0359159 0.161733 -0.0929633 0.42975
-0.902447 0.278644 -0.149742 -0.0127533 0.240971
-0.0960663 0.970742 0.222176 0.0311982 0.306248
-0.463768 0.284036 -0.158179 -0.155099 0.513386
-0.178451 0.837842 -0.191947 -0.0853003 0.973658
0.771495 -0.740077 -0.161066 0.0905873 0.758577
-0.563564 -0.139281 0.0187591 0.243793 0.162878
0.818208 -0.711335 0.213447 0.0202414 0.497267
0.00922656 -0.728282 -0.0940337 0.205606 0.25741
-0.42501 -0.91803 0.197941 -0.0904881 0.931
0.762612 -0.521463 -0.0645671 -0.102194 0.530944
-0.636976 -0.0743474 -0.180433 0.165427 0.449789
-0.592566 0.761012 -0.0264697 0.0457228 0.653451
0.589261 -0.378029 0.134936 -0.00244726 0.998691
0.801898 -0.0169311 0.15357 -0.198649 0.401883
0.148308 -0.436396 0.000540435 0.160249 0.421949
0.739629 -0.334159 -0.108647 0.0998356 0.484894
-0.206076 -0.515762 -0.187783 0.232232 0.80282
0.738211 -0.286248 -0.0200375 -0.123198 0.112101
-0.574644 -0.267259 -0.0897165 -0.203804 0.906932
-0.619376 -0.980792 -0.0863021 -0.0472299 0.84855
-0.623069 0.59895 0.122632 0.218297 0.1
-0.773763 0.632046 0.100143 0.100436 0.568138
0.728532 -0.425066 0.0897003 -0.0665463 0.872072
0.970122 0.141672 -0.0354803 -0.216513 0.953668
-0.631514 -0.941071 -0.0805411 0.2253 0.1
-0.812535 -0.124495 -0.222086 -0.0878742 0.136715
-0.611967 -0.808755 -0.243844 0.154637 0.866942
-0.151516 -0.101914 -0.073684 0.0908541 0.1
0.0473095 -0.323566 0.0827887 -0.157339 0.728084
0.520687 -0.666099 -0.20983 0.0323177 0.136696
0.421064 0.44568 -0.247312 -0.18795 0.543338
0.398005 0.293659 0.0853008 -0.241096 0.1
0.587795 -0.0901281 0.225332 -0.00422779 0.40815
0.172299 0.162579 0.202167 0.0516403 0.1
0.0523496 -0.946613 -0.134083 -0.0538107 0.653928
-0.811964 0.250668 0.246978 -0.140116 0.1
-0.730672 0.769054 -0.0298757 -0.0331832 0.282182
0.089896 0.0192832 -0.00599137 -0.14422 0.445958
0.567305 0.916018 -0.0862506 -0.0346464 0.294533
-0.449749 -0.167065 0.0553775 0.196923 0.387914
0.546695 -0.793593 -0.155615 0.136527 0.1
-0.551653 -0.523798 -0.169461 0.240652 0.278519
0.714795 -0.924208 0.0903 -0.0674733 0.255736
0.267197 0.51607 -0.0714067 -0.135411 0.370199
0.357538 0.435108 0.0315231 0.220683 0.769054
0.477041 0.137676 -0.180925 0.235578 0.1
0.929362 -0.831851 -0.0456422 -0.00571497 0.248579
-0.252224 0.280178 -0.0814179 -0.10545 0.509542
0.202647 -0.765855 0.158569 0.094187 0.516407
-0.907911 0.884509 0.0640565 -0.222591 0.409635
0.837798 -0.930467 0.00532365 -0.245437 0.845588
0.166985 0.819324 0.171073 -0.069463 0.176903
-0.174519 0.641318 -0.0800401 0.0345566 0.277786
-0.350986 0.340908 0.184627 -0.127929 0.458503
-0.464238 0.990292 0.10219 0.205068 0.679638
-0.0206931 0.442143 -0.164549 0.175487 0.639444
-0.0854523 -0.74773 -0.0564798 0.126177 0.988291
0.00843453 0.391955 -0.138618 -0.165517 0.941269
0.00548506 0.358028 0.0574075 0.130796 0.703694
-0.27446 -0.565777 0.172928 0.17055 0.188355
-0.429384 -0.630942 0.0974858 0.045779 0.38889
0.2226 0.0637374 0.0921073 0.103133 0.507182
0.83523 0.39377 0.202179 0.151573 0.370791
-0.0404483 -0.110593 -0.00968631 0.229688 0.720006
0.260802 -0.212794 0.059091 0.0708286 0.245166
0.79915 0.386662 0.070256 -0.0686686 0.22349
-0.229553 0.691615 0.000350952 -0.195866 0.283838
-0.582028 0.263789 -0.168505 -0.0832505 0.1
0.227393 0.349961 0.0838746 -0.232271 0.658001
-0.637503 -0.696427 0.000476897 -0.162879 0.336005
-0.975642 0.430163 0.242411 0.142288 0.872535
0.310962 -0.290018 -0.230264 -0.229253 0.114959
-0.966342 0.628196 0.134408 -0.0897198 0.138738
0.983686 0.129397 0.242349 0.10064 0.222228
-0.58414 0.809194 -0.225493 0.205377 0.489673
-0.091602 0.717087 0.184095 0.000147879 0.13802
-0.883674 0.192351 0.0654115 0.203179 0.1
0.961869 -0.57507 -0.211714 0.0330569 0.1
0.772264 -0.263277 0.0259677 -0.087589 0.260666
-0.396612 0.542994 0.105795 0.078858 0.493066
-0.0932736 -0.846845 -0.147081 -0.152908 0.603053
0.875343 0.206703 -0.00621708 -0.0204319 0.356816
-0.143445 0.798387 -0.225065 -0.0100615 0.853649
0.32063 0.444297 0.0373835 -0.0481087 0.808066
0.56026 0.621798 -0.21523 -0.203132 0.901672
-0.386253 -0.656705 0.106073 -0.00561252 0.575158
0.110652 0.61307 0.236923 0.0450328 0.752136
-0.119969 0.562234 0.104581 0.245367 0.1
0.559009 -0.908106 0.0225112 0.138422 0.801281
0.48898 -0.40288 0.217858 -0.0297696 0.46512
0.810151 -0.132027 0.11664 0.00216994 0.857183
0.14224 0.608324 0.0662092 -0.0112734 0.701467
0.172287 0.166156 -0.201929 0.105329 0.511648
-0.0795095 -0.94591 0.0188172 0.0727965 0.267147
0.926046 -0.883388 0.0679355 0.0956749 0.726435
-0.382858 0.63086 -0.029209 0.0337694 0.547285
-0.591923 0.0893804 -0.107104 0.0647372 0.22634
0.267127 0.896541 0.00216529 -0.238243 0.859807
-0.740741 0.621367 0.0443948 -0.135396 0.1
-0.805396 0.536382 -0.0144492 -0.146778 0.1
0.564489 0.551564 0.088932 0.0643247 0.875761
-0.40137 -0.00855625 -0.0809454 -0.219009 0.783334
-0.538114 0.666129 -0.0737305 -0.226848 0.1
-0.109829 0.868587 0.120717 -0.23819 0.374117
-0.801755 -0.0532103 0.0154651 -0.177584 0.431066
0.2364 0.00431907 -0.00306559 0.0357863 0.113196
-0.554853 0.512235 -0.0993911 0.196167 0.762958
0.680612 -0.192088 -0.00260268 0.111728 0.1
-0.797729 0.224239 -0.225101 0.189282 0.67476
0.646551 -0.0909868 0.181564 0.142593 0.556977
-0.53007 0.751074 0.0160626 0.0164065 0.449707
-0.104382 0.63899 0.239257 0.125188 0.567513
-0.781638 0.581364 -0.223098 -0.169035 0.704865
-0.988301 0.254755 -0.140446 0.017114 0.688091
-0.419679 -0.856863 0.115434 0.0798285 0.537364
-0.0791877 0.312136 0.133473 -0.199921 0.14933
0.782791 0.199537 0.232831 -0.059435 0.821907
0.525413 0.54122 -0.112148 0.126329 0.698886
-0.984936 -0.467226 -0.0488633 -0.146611 0.91082
0.0840625 0.380508 0.0768404 -0.00597116 0.33665
-0.150855 0.764758 0.227238 0.195963 0.249316
0.0499153 -0.231872 0.0946664 -0.106731 0.750701
0.22846 0.152193 -0.239406 0.116497 0.393618
-0.477591 -0.793911 -0.0999855 0.198252 0.534979
-0.861128 0.363583 0.198581 -0.110739 0.291889
-0.223018 -0.306774 -0.215893 0.0613249 0.315039
-0.0966704 -0.692296 0.145405 0.00265032 0.359708
0.787121 -0.100618 0.131023 -0.158019 0.571715
0.82924 -0.895958 -0.173077 -0.0416422 0.703622
0.319859 -0.0753145 -0.203717 -0.224192 0.254832
-0.885975 0.541868 -0.00852862 0.19786 0.660812
-0.453045 -0.890439 -0.207635 -0.215105 0.1
0.511756 -0.738635 0.154595 -0.17576 0.778451
-0.261352 -0.0417076 -0.0819934 0.175357 0.839026
0.77714 0.45339 -0.0353768 -0.109328 0.331976
-0.784934 0.731061 0.166562 0.10438 0.298799
-0.00712228 0.842725 0.14565 -0.18231 0.369412
-0.610121 -0.0193455 -0.085638 0.144089 0.141988
-0.206619 0.480115 0.0250582 0.0326786 0.674627
-0.741048 0.776384 -0.200665 -0.234155 0.695963
-0.773519 -0.0610546 -0.120581 0.226316 0.355851
0.316196 -0.453762 0.221542 -0.028502 0.479561
0.626082 0.827094 -0.235965 0.232817 0.154668
-0.685961 -0.93601 -0.098854 0.012606 0.586468
-0.74223 -0.933365 0.193505 -0.0696063 0.542734
-0.767309 -0.297955 0.0573581 0.231601 0.643399
0.0598783 -0.104676 -0.0310495 -0.11797 0.843591
-0.602282 -0.96768 0.106663 -0.117278 0.53508
0.257598 0.19233 0.0739904 -0.0232495 0.650906
-0.355127 0.126726 -0.206269 0.218648 0.281457
0.507463 0.941229 0.197833 0.224231 0.815674
0.177016 0.338867 -0.0754943 0.211895 0.268211
0.964287 -0.814437 0.204537 -0.0062132 0.519881
-0.485604 -0.0139902 0.0954365 0.235066 0.747768
-0.53718 -0.780958 0.100292 -0.188413 0.255816
0.0179564 0.158189 -0.0461419 0.185834 0.449224
-0.166493 -0.0432501 0.00717074 0.145466 0.1
-0.103475 -0.78973 -0.0859231 -0.16291 0.16332
0.635047 0.431896 -0.191003 -0.0266163 0.132922
0.160257 0.112222 0.223921 -0.109457 0.251397
0.276604 0.638106 -0.0716337 0.201302 0.481075
0.240612 0.138223 -0.0278542 -0.110752 0.250896
-0.960542 0.484384 0.0824053 0.0338233 0.397784
0.614292 -0.57817 -0.202437 -0.15092 0.27604
0.437218 0.519558 -0.193453 0.169966 0.304261
0.904678 0.846459 -0.227845 0.116417 0.74164
0.0578521 0.418366 -0.209789 -0.212722 0.41992
-0.944799 -0.905972 0.168805 0.13591 0.685124
-0.854049 -0.79091 -0.0750083 0.169929 0.632579
0.818028 0.87797 0.133839 0.195791 0.168693
0.308107 0.45776 -0.0693781 -0.243092 0.834682
0.977845 -0.316743 0.124512 -0.165747 0.242251
-0.938576 -0.675723 -0.0363903 0.0521205 0.941934
0.313469 0.46903 0.115804 0.159256 0.292283
0.767043 0.0325178 -0.157214 -0.234047 0.206658
-0.532116 -0.228731 -0.0925965 -0.236422 0.909043
0.0544492 -0.059579 -0.163316 -0.178955 0.653132
0.138524 -0.354902 -0.221415 0.216361 0.241405
0.888893 0.0222477 -0.213128 -0.169213 0.13174
0.00426662 0.483846 -0.162665 -0.0169698 0.39245
0.0966059 0.99986 0.22803 0.132537 0.178495
-0.188428 0.651457 -0.061827 -0.148366 0.1
0.0145452 -0.509774 -0.1932 -0.127882 0.731668
0.321661 0.682802 -0.0142133 0.0557276 0.884269
-0.0118701 -0.556973 0.213427 -0.0467246 0.804738
-0.017778 0.651441 0.0591182 0.229885 0.762412
0.0527685 -0.489931 0.101226 -0.14272 0.522295
-0.72614 0.797797 0.187093 -0.224424 0.178904
-0.741527 0.434273 0.103873 0.135751 0.658413
0.703731 -0.879804 0.172198 0.137356 0.241891
0.360054 -0.485266 -0.0746407 -0.0849437 0.897451
0.814794 0.800319 0.0890488 0.215064 0.402069
-0.17746 0.0337218 0.127866 0.0842506 0.27525
0.852512 -0.0513363 -0.206642 0.211732 0.499712
0.390671 -0.753934 -0.0310161 -0.216029 0.974882
-0.673051 -0.221995 -0.195512 -0.00337005 0.445563
-0.697152 -0.741548 -0.0675304 0.178926 0.792837
0.882023 -0.753356 0.00675231 -0.0613809 0.384072
0.939939 0.0435736 -0.234711 -0.0170605 0.366667
0.55888 -0.193416 0.0619026 0.132216 0.437718
0.811326 -0.364772 0.0207052 0.22976 0.608858
-0.889468 0.324194 -0.235129 0.0608177 0.625583
0.922 0.405381 0.026082 -0.222189 0.821394
-0.948159 0.65207 -0.0881495 -0.228987 0.812538
0.364991 0.382774 0.144648 0.0527329 0.557141
0.64924 -0.699023 -0.143413 0.132439 0.173493
-0.973615 0.583168 0.150167 -0.192762 0.967296
0.562858 0.641949 -0.192013 0.196365 0.398122
0.958023 -0.867365 -0.239355 -0.00743848 0.34275
-0.464695 0.883879 0.228611 0.100306 0.83952
-0.183014 0.645964 0.136554 -0.0514178 0.107334
0.534934 0.747321 -0.0514201 0.182979 0.624716
0.783158 0.663139 0.027775 0.0196703 0.603136
0.206821 -0.44846 0.124775 0.104304 0.272329
-0.679753 0.848984 0.138929 -0.135008 0.599681
-0.751563 0.795237 -0.170338 -0.0377295 0.236161
-0.899223 0.00991285 -0.17047 -0.2352 0.70227
-0.957517 -0.350581 -0.226963 -0.0551224 0.389067
0.177817 -0.645361 0.0884901 -0.174754 0.453127
-0.164317 -0.571128 -0.162544 0.103345 0.742095
0.540662 -0.616753 0.243778 -0.0284114 0.1
0.442347 0.288182 0.140321 -0.125766 0.632489
-0.699176 0.421709 0.191201 -0.164221 0.988057
0.302311 0.083535 -0.221398 -0.0681919 0.920364
-0.169006 -0.540585 0.0566276 0.146817 0.514937
0.00248086 -0.919927 0.0949774 0.13994 0.766367
0.458328 -0.527223 0.201989 -0.189531 0.529006
0.771417 0.104771 -0.0483648 0.089514 0.311865
-0.471241 0.317394 -0.0129433 -0.0747666 0.314478
0.983231 -0.875509 0.111186 -0.197239 0.542168
0.964822 0.381695 0.116591 -0.242981 0.265575
0.725606 0.0623945 -0.122498 -0.138107 0.13085
0.0215942 -0.748738 0.201058 0.192993 0.601438
0.456309 -0.626034 -0.157184 -0.241787 0.391363
-0.861151 -0.898808 -0.238396 -0.184966 0.236
-0.420739 0.579371 -0.121557 -0.172663 0.839828
-0.44808 0.643209 -0.175847 -0.0850294 0.487552
-0.0612832 -0.837773 0.234813 0.0606035 0.163257
-0.0978826 0.872962 0.161554 0.24007 0.259221
-0.618911 -0.929049 0.12367 0.188725 0.423679
-0.776774 -0.34913 0.182513 -0.182916 0.505071
-0.185261 -0.983578 0.199305 -0.104014 0.686834
-0.34169 -0.601157 -0.0936703 0.153713 0.317623
-0.563599 -0.122387 -0.174213 0.160381 0.1
-0.825735 -0.200965 0.101476 0.185794 0.105602
-0.0253421 0.174798 -0.00496258 -0.121415 0.860696
-0.84734 -0.359108 0.196439 -0.160457 0.1
0.786153 0.593853 -0.167302 0.0825118 0.11625
0.739447 0.409844 -0.195361 0.168116 0.740978
0.449295 -0.567217 -0.223906 0.238131 0.593121
0.0415139 -0.502811 -0.193209 -0.204717 0.590883
0.253248 -0.817175 0.117396 -0.14742 0.764874
-0.812816 0.535227 0.0107339 0.0697908 0.479936
0.865752 0.534945 0.18231 -0.210121 0.14813
-0.196457 -0.638554 -0.190736 -0.0497477 0.727903
0.0243348 -0.325247 -0.168111 -0.211575 0.479318
0.753904 0.183898 0.238574 -0.186977 0.68888
-0.82028 0.71897 -0.155555 0.215119 0.11724
0.765134 0.451484 -0.0667077 0.17083 0.202852
0.494252 -0.119539 0.14918 0.0302596 0.1
-0.753605 -0.569448 0.240191 -0.0563446 0.218819
0.0571592 0.877995 0.0676627 -0.137521 0.313701
0.962594 -0.669006 0.237781 -0.110164 0.575159
-0.549932 -0.4291 -0.204611 0.0853306 0.405374
-0.112957 0.133729 -0.082176 -0.0395594 0.309657
0.474757 0.20372 -0.120567 -0.0529698 0.205238
-0.27506 -0.557424 0.0643529 -0.101737 0.617874
-0.884093 0.870727 0.169447 0.0644228 0.179265
0.629236 0.0633124 0.0564159 -0.0511023 0.417675
0.654896 0.631491 -0.0362367 0.107937 0.517958
0.249274 0.642643 0.00490713 0.230317 0.1
-0.586679 0.18817 -0.00800821 -0.124328 0.754995
-0.622921 0.122731 -0.0315459 -0.229826 0.661804
0.745123 -0.0310146 -0.00852285 -0.221848 0.637925
0.0462471 -0.0245668 0.23369 -0.0601675 0.336064
0.492501 0.206636 0.0433231 0.0319574 0.1
-0.908214 0.539459 0.106313 0.0904951 0.340701
0.689248 -0.255505 -0.0255154 0.108192 0.1
-0.732174 -0.710031 0.0286324 0.209479 0.442349
0.0491108 0.439692 0.0283559 0.0148081 0.254123
-0.502846 0.637075 0.131363 -0.228091 0.401376
-0.149861 0.0639262 0.0298672 0.169234 0.373865
0.389081 0.51785 0.184502 -0.0569623 0.530537
0.0762542 -0.0978149 -0.202821 0.120248 0.1
-0.26391 -0.423415 0.0393095 -0.138741 0.515
-0.324849 0.0187403 0.0697205 0.104685 0.354688
0.93619 -0.828172 0.249102 0.135551 0.955008
-0.543978 -0.425774 -0.100499 0.0546827 0.821579
0.192988 -0.659041 -0.102901 0.106617 0.355809
0.536265 0.948581 -0.0849285 0.0823602 0.591514
0.151909 -0.298718 -0.103303 0.0341505 0.1
-0.0391464 -0.763133 0.056098 -0.121171 0.549885
-0.390766 0.55193 -0.00654508 -0.202731 0.697103
-0.536242 -0.477628 0.177261 -0.106527 0.275161
0.50366 -0.469467 0.163805 0.144642 0.158807
0.831273 0.528591 0.225443 0.00764385 0.321992
0.858555 0.477872 0.0461171 -0.135721 0.181566
-0.725596 0.491232 -0.0530412 -0.154046 0.551062
0.144612 0.347615 0.0588477 0.210958 0.831536
0.560882 0.524866 -0.0313128 -0.00429839 0.428666
-0.161268 0.93677 0.182054 0.0836537 0.325219
-0.373441 -0.393101 0.097447 -0.196103 0.1
-0.444392 -0.720475 0.0190305 0.225725 0.333235
-0.745399 0.923919 -0.136229 0.0100833 0.464346
-0.96931 0.741845 0.00656763 0.0342438 0.597461
-0.252015 -0.316834 -0.0922574 -0.211398 0.890098
-0.272283 -0.114587 -0.0672391 -0.164778 0.55942
-0.459357 0.849304 -0.19096 -0.0962336 0.274353
0.184182 0.975936 0.208501 -0.123536 0.319841
0.407582 -0.83692 -0.11584 0.212201 0.717026
-0.843879 -0.146481 0.00562131 0.218882 0.858331
0.98425 0.366273 -0.0439675 0.0054723 0.229768
-0.670323 -0.825031 0.234719 0.245194 0.421415
-0.571244 -0.0214658 -0.0284439 0.212077 0.152408
0.535961 0.53913 -0.0837555 -0.0178413 0.944854
0.864205 -0.434183 0.00748384 0.10497 0.483465
0.472454 -0.402158 -0.17878 -0.227403 0.445671
0.391475 0.0737646 0.247559 0.103681 0.373555
-0.849223 -0.331798 0.055724 -0.199079 0.181721
-0.574488 0.215547 -0.121115 0.028889 0.652009
-0.579335 0.712851 0.0849817 0.0547811 0.89558
-0.66301 -0.760994 -0.137931 0.125176 0.947665
-0.24074 0.79359 -0.141188 -0.173066 0.942822
-0.0685383 -0.444159 -0.21956 -0.0318035 0.581736
-0.947465 -0.58852 -0.0038767 0.154905 0.66975
0.0302179 -0.235564 0.148136 0.11638 0.351484
-0.811503 0.791863 0.147378 -0.111906 0.970662
0.374113 0.824963 0.0412375 0.0621693 0.198702
0.500206 0.24086 -0.0316604 0.153528 0.52013
0.364666 -0.670131 -0.240265 0.191437 0.670902
0.335487 0.127729 0.0472934 -0.232171 0.446565
-0.865777 0.779956 0.0938497 0.141593 0.692118
0.157051 -0.940697 0.0224753 0.0738233 0.263082
-0.600342 0.579037 0.173536 -0.0173099 0.108051
0.499775 0.785496 -0.116173 0.145257 0.535677
0.609956 -0.88463 0.0798367 0.172074 0.278246
-0.128509 -0.235413 0.0604021 0.0510264 0.997567
-0.329054 0.55227 -0.00178829 -0.0777539 0.944048
-0.935219 0.647311 -0.165386 0.0202595 0.839579
-0.967425 0.611659 0.106052 0.0125824 0.175902
0.74901 -0.957022 0.0400386 0.243092 0.8757
0.170984 -0.293122 0.116583 -0.0936507 0.465144
0.618832 0.531875 -0.0909884 -0.0683743 0.30306
0.404393 -0.8388 -0.220395 -0.0101387 0.798048
0.22238 -0.519999 -0.0880546 -0.215342 0.772913
-0.921533 -0.14151 -0.196084 0.0447975 0.869082
0.394972 0.0692745 -0.0756356 -0.0749855 0.669997
-0.526844 -0.627082 0.0398235 0.12097 0.210748
0.59284 0.409989 0.181645 -0.212849 0.463716
-0.771422 0.501223 -0.123536 0.0169255 0.73815
0.623755 0.466223 0.157206 -0.0405408 0.114814
0.922807 -0.529169 -0.00515372 -0.0183699 0.38457
0.452965 0.984427 0.147031 0.208082 0.804969
-0.630055 0.00694501 -0.10985 -0.16055 0.649803
0.0370593 0.351967 0.112923 0.216587 0.879433
0.13437 0.522303 -0.203305 -0.204443 0.473402
0.0297261 -0.886175 -0.0748594 -0.134484 0.520263
-0.553239 -0.100985 0.135157 0.176856 0.810064
-0.472701 -0.246696 -0.0129883 -0.0431877 0.653927
0.874683 0.299185 0.17068 0.00461483 0.751845
-0.0239055 0.296392 0.096771 -0.205551 0.658791
0.938372 -0.798849 0.173968 0.0159118 0.1
-0.876861 0.276067 -0.00298698 -0.196491 0.1
-0.725741 0.610235 0.104982 -0.0480711 0.502154
-0.543937 -0.0883966 -0.16977 0.221437 0.508384
0.173382 0.478819 0.157391 0.219914 0.491563
0.588595 -0.898815 0.00214782 0.224877 0.594137
0.24617 -0.21953 -0.18113 -0.199571 0.669663
0.254293 0.451721 -0.13811 0.149611 0.996164
0.86562 0.703942 -0.0430084 -0.0602458 0.1
0.80079 -0.674676 0.211849 -0.213983 0.911153
-0.709572 0.709538 0.0548486 -0.147652 0.734095
-0.379278 0.0242234 -0.0614198 0.229363 0.766982
0.0682067 -0.284604 0.0144199 -0.0592452 0.1
-0.332092 0.225265 0.0944879 0.225248 0.270197
-0.144217 0.160674 -0.170826 0.00404263 0.602472
-0.550167 -0.699156 -0.0275207 -0.218055 0.676571
-0.569707 -0.647481 0.100448 -0.242362 0.614313
0.339451 -0.493813 0.0925511 0.00671589 0.15651
0.863335 -0.279579 0.0167199 0.220697 0.638457
0.774609 0.700902 -0.213732 0.0554105 0.556194
0.272984 -0.309952 0.105722 0.0800086 0.849164
0.964581 -0.876462 -0.225407 -0.0702754 0.403392
-0.211714 -0.217488 -0.0298667 0.0625694 0.1
0.421827 -0.42645 0.184797 -0.0549674 0.522159
0.585519 -0.209906 -0.201981 -0.243941 0.297318
0.00519276 0.934084 0.0928126 -0.0974387 0.460789
-0.104322 0.718348 -0.0609187 0.183805 0.643338
-0.7497 -0.0691524 -0.177006 -0.221031 0.104369
-0.80256 0.112514 0.0893116 0.081172 0.673914
-0.71769 -0.00381213 0.233835 -0.126404 0.355588
0.300619 0.0589569 -0.217535 0.177424 0.928651
0.855078 0.425515 -0.172265 0.0997383 0.462699
-0.258078 -0.443594 -0.129521 -0.159144 0.588259
0.686908 0.921499 -0.0322632 0.129521 0.923383
0.655959 -0.848834 -0.0921233 -0.0797002 0.959066
-0.675573 0.601777 -0.0628466 -0.220533 0.309148
0.51554 -0.0981091 0.083049 0.186334 0.177627
-0.233728 0.995906 0.0219096 -0.2192 0.52394
0.616618 -0.781847 -0.22169 -0.0870047 0.998736
-0.932203 0.624325 -0.174301 -0.142313 0.780929
0.518269 0.103522 0.0716677 -0.115775 0.247686
-0.10877 -0.94694 0.0335958 -0.152654 0.723347
-0.416577 0.173949 0.17907 0.0142574 0.889775
0.377614 -0.721592 -0.184228 0.0404897 0.387644
0.112334 -0.434657 -0.0701805 0.243067 0.691995
0.819636 -0.971306 -0.193974 0.157211 0.186564
-0.551162 -0.745433 -0.0636475 -0.190802 0.692449
0.782793 -0.403849 0.212263 -0.0514931 0.869076
0.182844 0.00631702 0.0708156 0.222836 0.488761
-0.907018 0.350911 0.221905 0.172393 0.707432
-0.758831 -0.88846 -0.176738 -0.122338 0.42348
-0.535818 -0.976701 0.118564 -0.201059 0.642566
0.53114 0.457801 -0.0829047 -0.0935641 0.899817
0.131889 0.164641 -0.247075 -0.081493 0.309505
0.694402 0.11863 -0.0449789 0.106288 0.1
-0.307885 0.448132 -0.171753 0.131889 0.982444
0.715509 -0.544271 -0.234067 -0.169548 0.1
0.673762 0.699951 0.0499268 -0.132288 0.908266
-0.464122 -0.0750058 0.224514 -0.133077 0.509664
0.919418 -0.0449943 0.18404 -0.0546168 0.738929
-0.39845 -0.156478 0.0457146 -0.0924259 0.340078
0.63297 -0.190443 -0.152592 0.0705078 0.319286
-0.614703 -0.837567 -0.148608 0.142226 0.989606
-0.821673 -0.157893 0.0547215 -0.151217 0.975436
-0.996443 0.390702 0.0125818 -0.207417 0.803247
-0.848388 -0.532204 -0.231006 -0.16374 0.927087
-0.0864638 0.776848 0.110938 0.0417284 0.393928
-0.400779 -0.914391 -0.157857 -0.143154 0.463613
-0.748876 -0.161203 -0.2369 0.0736305 0.554027
0.543371 0.721081 0.225295 -0.225901 0.715703
0.275497 0.215229 -0.100979 -0.0730224 0.674416
0.941864 0.682596 -0.0349805 0.032019 0.635287
-0.704823 0.612671 -0.157451 0.015947 0.365939
-0.741732 -0.0806816 0.136872 -0.18314 0.175504
0.414383 -0.142079 0.178561 -0.0555898 0.892602
0.94771 -0.526988 -0.190915 0.164609 0.1
0.393107 -0.942239 0.238869 -0.179596 0.353356
0.467188 0.555114 0.158336 -0.148992 0.163303
-0.597579 0.835678 -0.0292716 -0.174374 0.630191
0.326218 0.0984944 -0.217962 -0.108597 0.369872
-0.469519 -0.561718 0.0800544 0.0387188 0.700263
-0.699299 0.696687 0.162955 0.162992 0.606096
0.403403 0.567127 0.0150711 -0.183465 0.902989
0.133513 -0.510411 0.00127313 -0.0726328 0.797342
0.357013 0.00872552 -0.105243 0.0437495 0.156214
0.951611 -0.959253 0.00340968 0.00637653 0.847232
0.857523 -0.198817 0.0159312 0.0339612 0.459633
0.125945 -0.692818 0.0848548 -0.054008 0.296917
-0.847702 -0.785135 -0.0106751 0.0320519 0.288726
0.840421 0.19711 -0.223718 0.0583715 0.32723
-0.884252 -0.0725002 -0.0205947 0.135874 0.1
0.618953 -0.0807993 0.12913 0.0246915 0.213639
0.482749 -0.623286 0.204724 0.0979112 0.596424
0.339824 0.393063 -0.173865 -0.170088 0.143018
0.843104 -0.540432 -0.133138 0.0405868 0.377297
-0.807923 -0.581443 -0.245969 0.0229103 0.526785
0.620195 0.579858 0.125094 0.239399 0.839846
0.309893 -0.960736 -0.214933 -0.0740872 0.814711
0.608025 0.850333 0.0246402 0.0193864 0.149524
0.216339 0.450183 -0.165152 -0.0681668 0.600049
0.966866 -0.808489 0.073146 -0.218124 0.13644
-0.740078 0.847528 -0.136259 -0.0374603 0.1
0.33912 0.633319 0.0860532 0.0782153 0.867369
0.477229 -0.0991493 0.193548 0.167239 0.867627
-0.536911 0.601515 -0.063464 -0.245372 0.280723
-0.882295 -0.780249 0.142606 -0.077893 0.369814
-0.352793 -0.801127 -0.199715 -0.0758525 0.1
-0.811119 -0.788628 -0.0162291 0.0926568 0.361362
0.551738 -0.573693 0.0361808 -0.0225709 0.67077
0.588813 -0.430692 0.194188 0.0530733 0.907845
-0.366617 -0.197197 -0.108144 0.211388 0.764761
-0.607874 0.41496 -0.0800718 -0.21681 0.295249
0.0408893 -0.462218 0.0912926 0.0307541 0.1
-0.669213 -0.92564 0.1275 -0.137922 0.709327
-0.196711 -0.790562 0.214026 -0.2059 0.824763
-0.628398 -0.918754 0.0577072 -0.104725 0.461782
-0.364291 0.822684 -0.0153459 -0.229356 0.849367
-0.0994085 0.93259 0.129905 0.117106 0.835182
0.927059 -0.91822 -0.063692 -0.22693 0.708371
-0.411085 0.174273 -0.141914 0.0295458 0.794107
0.215336 0.708284 -0.174226 0.0362349 0.800659
-0.537347 0.229018 -0.22308 -0.169351 0.395147
-0.536592 -0.943349 -0.230393 0.240239 0.761653
-0.753958 -0.541946 0.0136709 -0.216328 0.372216
0.610544 -0.476206 -0.249278 0.0423535 0.525637
-0.57706 0.629219 0.0387351 0.117196 0.805179
-0.468621 0.30661 0.02153 -0.0188212 0.949858
0.886452 -0.346207 0.16347 0.0822864 0.1
-0.58343 0.511134 -0.0146354 0.126958 0.621845
0.795627 0.564595 0.116558 -0.0471128 0.774885
-0.461466 -0.449752 -0.150454 -0.129709 0.292626
0.197711 -0.0662183 0.00571233 0.00416341 0.485582
0.0660729 -0.232771 0.0899895 -0.200048 0.854728
0.405505 -0.316195 0.0654778 -0.0129088 0.377693
0.518655 -0.279449 0.233324 0.160179 0.212966
0.123637 0.361488 -0.152809 -0.0150875 0.813579
-0.738101 -0.480808 0.179824 0.127155 0.130056
0.691098 -0.748819 0.185202 -0.201464 0.841488
-0.824269 0.187121 -0.213947 -0.100462 0.279832
0.804974 0.697476 -0.147327 0.0363681 0.636261
-0.4993 0.374442 0.0835141 0.211275 0.444627
-0.839611 0.101745 0.234051 -0.0451313 0.10565
-0.733238 0.558335 -0.186476 -0.0941566 0.748484
0.780229 -0.656682 -0.102047 -0.144754 0.477837
0.743081 -0.321007 0.101838 -0.136931 0.376547
0.931087 -0.411361 -0.210673 0.102561 0.89488
-0.797215 0.334979 0.0121915 0.0721814 0.1
-0.0911167 0.968272 -0.0911699 -0.226229 0.489921
0.771572 -0.474817 0.0833812 0.155961 0.365217
-0.496426 -0.178631 0.0925323 0.113271 0.92196
-0.872021 -0.458105 0.00412521 0.0445475 0.354801
0.141755 0.655914 -0.228772 0.20429 0.193829
-0.313976 -0.770947 0.0167128 0.0351407 0.721103
0.536601 -0.565495 0.24438 -0.0499847 0.868516
0.685948 -0.0370793 0.0379068 -0.158335 0.1
-0.727278 0.311201 -0.046516 -0.225253 0.806877
-0.0859103 0.89767 -0.154102 -0.069654 0.1011
0.871204 0.118609 -0.0316836 0.0849027 0.39105
0.0480493 -0.00187635 -0.234426 0.0815403 0.608431
-0.57394 0.094254 0.0335885 -0.0321749 0.915796
-0.0494322 -0.328945 0.0258384 -0.237017 0.778491
-0.601389 0.941655 0.0525095 0.242088 0.1
-0.266809 -0.672917 -0.23788 0.138876 0.706818
-0.294665 0.198217 0.155303 -0.00428049 0.892192
-0.231997 0.781039 0.216342 0.0883656 0.119178
-0.696973 0.175611 -0.0058763 0.236088 0.382051
-0.280934 0.223312 -0.013587 0.184462 0.636283
-0.840324 -0.810212 0.0799462 0.203787 0.919449
0.974393 0.737095 0.0843166 -0.233289 0.360117
-0.722129 -0.277899 -0.034337 0.237601 0.206449
0.0275667 0.903862 0.221617 -0.0544804 0.978242
0.197796 0.101398 0.225947 -0.101357 0.636302
-0.442749 -0.492919 0.115081 0.159338 0.241408
0.0947208 0.915954 -0.10636 -0.112307 0.250695
-0.812081 -0.988458 -0.212197 -0.242279 0.328831
-0.543058 0.849934 0.230481 -0.0644405 0.1
0.57837 0.086403 -0.0763243 0.00656947 0.880536
0.140917 0.982513 0.0593631 -0.214485 0.750109
0.514245 0.281682 0.215382 -0.0845099 0.312218
-0.241239 0.897809 0.167771 -0.19528 0.830617
-0.221504 0.192251 0.148286 0.0276123 0.619104
0.475307 -0.0935404 0.181737 -0.134132 0.812325
-0.26693 0.185117 -0.00334217 -0.244977 0.1
0.229132 -0.524133 0.135775 -0.0137325 0.365533
0.416334 -0.598567 -0.139745 -0.0479298 0.116186
-0.171423 0.341959 -0.240993 -0.205713 0.397764
-0.954521 0.294767 -0.156659 -0.0872742 0.47115
-0.245765 -0.932622 0.0320603 0.0901783 0.147328
0.395321 -0.173129 -0.155843 -0.21972 0.246774
0.139834 -0.077865 -0.152866 0.060861 0.142257
0.0558668 0.136187 -0.206355 0.0253032 0.1
-0.701536 -0.983956 -0.199072 -0.0397424 0.147503
0.141575 0.672961 0.0544193 0.0188924 0.1
0.499077 -0.122188 -0.055496 0.212914 0.1
0.90881 -0.158998 0.129148 0.00621381 0.1
-0.134902 -0.863685 0.104741 0.019316 0.763387
0.333491 0.170453 -0.238341 -0.0139781 0.570658
-0.657412 -0.186072 0.105106 -0.215292 0.16981
-0.522662 -0.319367 -0.0833582 0.115976 0.1
0.627838 0.425551 0.226173 -0.205657 0.2711
0.553375 -0.184284 0.197411 -0.194685 0.819948
-0.443762 0.224248 0.182 0.0489334 0.549706
0.385175 0.382033 0.0143996 -0.19079 0.861142
-0.438983 0.523322 0.194932 -0.0268146 0.620353
-0.819877 -0.512291 0.0995422 0.237971 0.193628
-0.587413 -0.957135 -0.243437 -0.155629 0.299336
-0.442747 -0.0396632 0.0286517 -0.108814 0.823205
0.956878 0.873761 0.0307036 -0.0228497 0.929041
-0.459825 0.485829 -0.210924 0.230652 0.773548
0.105836 0.991996 -0.00927167 -0.162671 0.672416
-0.00539404 -0.290113 -0.157067 -0.088752 0.537786
-0.78366 0.866625 -0.0602017 0.148091 0.944684
-0.0934232 0.140588 0.0039131 -0.104139 0.957762
0.318734 0.0594954 0.197338 -0.191867 0.156782
0.600881 0.461931 0.0243142 0.112136 0.797535
-0.251489 -0.117903 -0.240246 -0.208129 0.599016
-0.948575 -0.721905 0.0294037 0.021686 0.1
0.207423 -0.324958 -0.208467 -0.131917 0.605251
0.940768 0.644868 0.180181 0.123709 0.453535
0.0604281 0.786777 -0.106181 0.132023 0.133606
0.598568 0.333188 -0.24951 0.229681 0.84728
0.925848 -0.595601 -0.0444816 0.0212595 0.550664
-0.668945 0.927598 0.0416621 -0.196243 0.838583
0.823629 -0.478495 0.204229 -0.191957 0.437468
0.138032 0.550729 -0.211607 0.0956118 0.194938
-0.402985 -0.0378366 0.122682 0.14388 0.818033
-0.876322 -0.1322 0.113555 0.133523 0.8765
0.553497 -0.403613 -0.00257567 -0.0985596 0.334165
0.392522 -0.597304 -0.210394 0.232444 0.275492
-0.536209 -0.520121 -0.120274 0.0766052 0.586433
-0.0974811 -0.367626 0.0613691 0.112711 0.40929
0.143293 -0.237064 0.189421 -0.249522 0.903211
-0.129878 -0.43447 0.0972293 0.132031 0.759829
-0.0602932 -0.0825357 0.0642256 -0.106271 0.240945
0.714414 -0.00129539 0.0168152 -0.0246461 0.820352
-0.590833 0.0611345 0.226846 -0.168756 0.568355
0.466044 -0.280558 -0.245192 0.00776663 0.485298
0.365939 0.792684 0.231424 0.031568 0.1
0.406771 0.858757 -0.0721425 0.211791 0.811167
0.250688 0.722954 -0.181642 -0.0542331 0.1
-0.0698908 -0.0641802 0.149449 0.0561937 0.1
-0.930425 0.79518 0.108704 -0.125785 0.48061
-0.32907 0.844298 0.249578 -0.0132116 0.109409
0.928243 -0.90211 -0.0653503 -0.151745 0.568853
-0.604057 -0.290449 0.0056414 0.0185441 0.16283
-0.684339 0.150186 0.0544429 -0.189621 0.1
-0.591253 -0.164912 0.14908 -0.0839043 0.38552
0.0193247 0.133289 -0.0646238 0.235957 0.653726
-0.141377 -0.621807 0.228005 0.0720713 0.391787
-0.682763 -0.505 0.116606 0.157955 0.882446
0.0323689 0.725777 -0.115474 -0.105931 0.1
-0.406591 -0.0289464 -0.168076 0.177844 0.208259
-0.224866 -0.220233 -0.12339 0.164312 0.181727
0.0984037 0.154007 0.0834087 0.158101 0.351017
0.546752 -0.0301878 0.133005 -0.059485 0.665589
0.129434 -0.860632 0.039496 0.147628 0.469608
0.710797 0.913967 -0.156508 0.244397 0.520359
-0.0929446 -0.241182 -0.241862 0.13329 0.574798
0.766564 -0.0559533 -0.0220479 0.141498 0.797826
0.527918 0.559674 0.187898 -0.145964 0.133457
-0.288484 0.658098 -0.0850213 -0.190779 0.1
0.496199 -0.512324 -0.12513 -0.157465 0.450523
0.96364 0.701076 0.147868 -0.0673226 0.439481
-0.827976 0.510194 0.165254 -0.0497281 0.445355
-0.0908768 0.109902 0.0678757 0.189889 0.404224
-0.254112 -0.269741 0.0937451 -0.00673188 0.565074
-0.211955 -0.786868 -0.19183 0.0597736 0.318801
-0.385248 -0.872562 -0.225008 0.01078 0.897752
0.296016 0.467416 0.174713 0.0430703 0.355149
0.585534 -0.233982 -0.195932 0.124975 0.244917
0.751015 0.607542 0.0832914 0.0325336 0.887768
-0.282916 0.387976 0.0963012 0.229224 0.578575
-0.768653 -0.862035 -0.0952638 0.100587 0.829023
0.379752 0.544664 0.11422 0.034837 0.100549
0.843043 -0.667123 0.141662 -0.121913 0.404803
-0.818636 0.0458075 0.176561 -0.202625 0.110393
-0.328125 -0.479998 0.112124 0.15276 0.1
-0.457293 0.979758 0.164748 -0.134656 0.703964
-0.111445 0.321673 0.0617282 -0.201257 0.151012
-0.546027 -0.587455 -0.0835059 0.00602835 0.587938
-0.971129 -0.0460039 0.16216 -0.056957 0.262099
0.440805 -0.694362 -0.244587 -0.168335 0.1
0.277537 -0.610214 0.229124 0.0571385 0.884067
-0.311141 -0.08297 0.210079 0.0338638 0.959346
-0.631997 -0.365014 -0.099576 0.13015 0.26788
-0.590303 -0.611601 -0.0782253 0.160869 0.688097
0.42286 0.475635 -0.103862 0.124231 0.617424
0.581317 0.469849 0.0568406 0.143339 0.575803
-0.743093 0.142279 -0.115666 0.145048 0.669173
-0.103596 -0.719934 0.0894679 -0.244657 0.542662
0.338574 0.513367 -0.0276007 0.169442 0.291494
0.791048 -0.226914 0.0459299 -0.197812 0.163181
-0.605537 0.286492 0.190471 -0.00829075 0.333081
0.773273 0.0135143 0.208156 -0.0413117 0.575674
-0.801782 -0.89447 0.169439 -0.146804 0.581785
-0.305849 -0.5588 0.0882274 0.147269 0.175556
-0.333525 -0.726344 0.0988375 0.241656 0.861257
0.058352 0.524009 0.204673 -0.191026 0.817819
0.0620416 0.993076 0.0973248 0.0612884 0.708622
-0.617004 -0.375163 0.140588 0.0365113 0.905616
0.445442 0.697884 0.0583366 -0.218421 0.73839
0.519444 0.145842 0.0942357 0.17532 0.536528
0.360072 -0.943044 0.136009 -0.0382238 0.405407
-0.332488 0.681815 0.219206 0.118952 0.1
-0.31279 -0.180159 0.0730618 0.0177528 0.317722
-0.276726 0.576015 -0.112018 -0.196911 0.1
-0.478452 -0.721783 -0.0978429 0.140233 0.989137
0.786214 0.55939 -0.183172 0.207578 0.593487
0.573018 0.228711 0.102495 0.146389 0.187636
-0.138256 0.222933 0.214635 -0.224023 0.777793
0.628635 0.434382 0.0541331 -0.0335101 0.33965
0.457294 0.515507 0.163506 0.0706119 0.944085
-0.567386 0.965784 0.140454 0.00985771 0.721888
-0.685708 -0.599962 0.211308 -0.136338 0.1
-0.386137 0.404768 0.0904226 -0.10037 0.358424
0.252059 0.704513 0.0214499 0.147068 0.191193
-0.946194 -0.0393575 0.220409 -0.109411 0.1
-0.694822 -0.788275 -0.137964 -0.0248149 0.285086
-0.920179 -0.980739 -0.194818 0.0247084 0.499248
0.99806 -0.565553 -0.00422113 -0.172054 0.309466
0.40737 -0.651008 -0.149918 0.170555 0.431004
0.683855 -0.362055 0.10355 -0.246551 0.600741
-0.276582 0.454875 -0.114658 0.0385231 0.419703
0.603464 -0.733863 -0.157335 -0.0998959 0.681015
0.208084 0.454166 0.126161 -0.113147 0.483698
0.377053 0.697388 0.240899 -0.168417 0.612154
-0.057456 -0.36181 0.171702 0.170619 0.1
-0.525255 -0.163138 -0.190493 0.138876 0.763917
0.402832 0.874981 0.111816 -0.212202 0.116917
-0.794629 0.672902 -0.165605 0.207726 0.129208
0.425212 -0.000273287 0.0579675 -0.0304458 0.604485
0.32509 -0.682858 0.17904 -0.206352 0.522694
-0.2032 0.449104 -0.239519 -0.0339176 0.873518
-0.996942 -0.614779 0.119862 0.217049 0.78337
0.711676 -0.245912 -0.0372065 -0.206005 0.809082
-0.0973866 -0.462383 0.0658291 -0.178044 0.120294
0.610077 -0.913119 0.22319 -0.161126 0.566955
0.857589 0.628955 0.0725211 -0.16462 0.315358
-0.154489 -0.134804 0.124599 0.049369 0.908716
0.722602 0.396389 0.227265 0.198901 0.1
-0.0588611 0.602228 -0.114988 0.0689215 0.189535
-0.946069 -0.964251 -0.0440156 -0.0961936 0.615779
-0.485352 -0.734706 -0.0858922 0.105733 0.740192
0.208206 0.639138 -0.0501434 0.023581 0.1
0.944939 -0.545172 -0.213762 -0.233661 0.673356
-0.223808 0.765529 -0.164896 0.0843261 0.857367
0.720802 -0.351181 0.0464749 -0.216982 0.689991
-0.256622 -0.847221 0.130409 -0.0678115 0.484485
0.14612 0.672179 0.057115 0.210457 0.273703
-0.322032 0.887765 -0.0536779 -0.0852055 0.210711
-0.660776 0.128926 -0.0530979 -0.0811186 0.933289
-0.870218 0.748931 0.205278 -0.172312 0.493037
-0.573423 -0.355229 -0.0506614 -0.118045 0.745927
-0.73602 -0.705365 -0.111174 -0.0192149 0.1
-0.500985 0.228588 -0.036173 -0.0932031 0.119712
0.745607 0.862829 0.245214 -0.163503 0.764341
0.0789207 0.855324 0.245651 0.0729454 0.657192
0.803408 0.741392 0.234426 -0.00511055 0.950023
-0.806395 -0.225677 -0.229565 -0.130868 0.704736
-0.961028 -0.657527 -0.0234833 0.0925575 0.242424
-0.0265535 -0.198089 -0.0266755 0.236791 0.520544
0.0590954 0.436175 -0.0922697 0.217792 0.463188
-0.36706 -0.816657 0.0510613 0.115556 0.40614
-0.561262 -0.149321 -0.0292017 0.113676 0.823103
0.956121 0.0357966 -0.0866945 -0.103309 0.729539
-0.351777 -0.385277 -0.156291 0.218965 0.1
-0.586007 -0.545001 0.00957456 0.0780958 0.207779
-0.105409 0.229079 0.137077 0.0793748 0.653576
-0.586793 -0.341949 -0.0946851 0.0400598 0.1
0.633358 0.127139 0.237432 -0.026662 0.563654
0.857074 -0.182702 -0.0616332 0.125037 0.608804
-0.578391 -0.11825 0.22402 -0.228172 0.652533
0.168622 -0.622758 -0.119823 0.226911 0.619512
-0.522639 0.428213 -0.0232083 0.137447 0.1
0.419197 0.693151 -0.209346 0.241541 0.989456
0.0906004 -0.129755 0.0128487 -0.129801 0.198287
-0.550273 -0.913288 0.154899 0.00344005 0.1
0.660706 0.925343 -0.0907274 -0.138046 0.870653
0.402087 -0.475713 0.109441 -0.0336387 0.212298
0.932465 0.631203 0.159081 0.0637996 0.852415
0.586196 0.816653 0.004711 0.216389 0.514802
-0.274837 0.741569 -0.0936211 0.232662 0.783513
0.452515 0.482621 0.126232 -0.119135 0.190617
-0.857666 -0.64942 -0.143067 0.184366 0.924065
-0.484985 -0.853202 0.167694 -0.145887 0.760662
-0.230543 -0.170808 -0.0571691 -0.196093 0.274451
0.573504 -0.928547 -0.134128 -0.0599746 0.152412
0.652646 0.520052 0.0905051 0.00130621 0.809274
0.258541 -0.793222 0.228359 0.169508 0.422457
0.720176 -0.637647 0.213566 0.120195 0.917236
0.825616 0.929629 -0.0510285 -0.0202524 0.404392
0.598568 -0.210361 0.199263 -0.228044 0.1
-0.219004 -0.139727 -0.233437 0.0408367 0.910258
-0.904984 0.755164 0.176085 -0.158195 0.974052
0.53604 0.365797 0.0111572 -0.038192 0.146032
-0.0436653 -0.0177277 0.187928 -0.138397 0.882209
-0.345575 -0.0506414 -0.0335053 0.0100291 0.337016
0.371755 -0.200739 0.221982 0.0384805 0.638278
-0.541966 -0.876516 0.125332 0.21922 0.239323
-0.33674 0.535006 0.0716013 0.0522282 0.1
-0.543484 0.389311 -0.179724 -0.145841 0.879966
-0.820019 -0.100507 -0.00323319 -0.149199 0.25726
-0.373936 -0.418702 -0.152382 -0.0741525 0.202254
0.626008 0.730243 0.174636 0.146336 0.213223
0.10088 -0.172849 -0.105143 -0.108213 0.233397
0.965492 0.459641 0.127896 0.119572 0.327238
0.220989 0.10463 0.172446 0.0175003 0.334915
-0.570652 -0.447753 -0.211125 0.163982 0.393145
0.222624 -0.353825 0.14788 -0.246223 0.1
0.548926 -0.503059 -0.0293904 -0.118438 0.955995
0.00569415 -0.0601093 -0.0935265 0.235313 0.152785
-0.114696 0.184215 -0.102576 -0.0562864 0.37549
0.268146 -0.120874 -0.0364564 0.140025 0.202462
-0.840229 0.291675 0.174784 -0.0191288 0.363448
-0.318657 0.472082 0.0708606 -0.0188655 0.831279
0.290072 -0.0882402 -0.0867725 0.192312 0.509379
0.130334 -0.144732 -0.0695224 0.169866 0.594148
0.506896 0.893194 -0.104471 -0.229248 0.411162
-0.959941 0.398189 0.0930259 0.085854 0.31328
-0.0231993 0.780622 0.0197661 0.152787 0.921349
0.731842 0.416416 -0.175777 -0.0986971 0.99398
-0.809307 -0.295518 0.0103227 0.195799 0.403925
0.0562075 -0.0104889 -0.12536 0.181142 0.247798
0.138705 -0.127553 0.193296 -0.0861797 0.264211
-0.0316117 -0.838983 -0.0774139 0.169552 0.1
-0.551819 0.84818 -0.162856 -0.0614639 0.626036
-0.639757 -0.953221 -0.130943 0.230686 0.674792
-0.0651869 -0.474479 0.120495 -0.0794356 0.849212
-0.190391 -0.0259293 -0.0156858 -0.155309 0.556984
0.732213 -0.683975 -0.132059 -0.0198486 0.692962
0.654878 0.0421267 0.194187 -0.199533 0.1
0.574157 0.675077 0.0265261 0.0362576 0.373919
0.22859 -0.12258 -0.210074 -0.10717 0.241077
0.884689 0.992393 0.178275 0.102767 0.863705
-0.725376 -0.244859 -0.0133535 0.0287869 0.782619
-0.150126 -0.399731 -0.247822 -0.160497 0.1
0.75107 0.017114 -0.0911651 0.103593 0.1
-0.401998 -0.64024 -0.00878705 0.0385394 0.474834
0.793484 -0.910277 -0.129931 -0.0932494 0.156016
-0.0123473 0.709528 0.186068 0.179254 0.127073
-0.530668 -0.962181 -0.0879589 0.197445 0.686422
-0.75164 -0.798652 0.0254434 0.0781986 0.947244
-0.170159 -0.322389 -0.120215 -0.141404 0.882832
-0.570097 0.545569 -0.109045 0.00832558 0.639324
0.585335 0.764907 -0.145637 0.233807 0.433884
0.694788 -0.127654 -0.0328296 -0.0261886 0.450521
0.369799 -0.15163 0.132424 0.0466038 0.600576
0.247222 0.514125 -0.235128 -0.204242 0.942017
-0.164672 -0.140544 -0.0810422 0.0701506 0.1
0.988542 0.285591 -0.124797 -0.150482 0.393503
-0.469399 0.439465 -0.0491669 -0.209748 0.1
-0.911326 -0.464446 -0.0975639 0.183587 0.294551
-0.0761922 -0.397758 -0.171974 0.165885 0.378386
0.0399209 0.719204 0.213773 -0.170507 0.802535
0.327914 0.161749 -0.0721138 0.177308 0.304521
-0.931342 0.421478 -0.102994 0.234738 0.688373
0.515592 -0.311071 -0.232965 0.0649392 0.351925
-0.198439 0.531334 0.153006 0.205586 0.628178
-0.411511 0.12486 -0.230802 -0.114462 0.82449
0.863965 0.361215 0.237946 0.0984231 0.347337
0.841441 0.290326 0.0607462 -0.182979 0.436318
-0.616545 0.18171 -0.0182551 0.0589942 0.38908
-0.252945 -0.903645 0.161846 -0.117544 0.1
0.2387 -0.831868 0.196261 -0.135768 0.945678
0.36093 -0.648376 0.10206 0.0174519 0.605336
-0.159329 -0.630717 -0.218659 -0.0753761 0.1
-0.0250412 -0.285076 -0.163245 0.149154 0.933735
0.877199 0.851287 -0.12944 0.039766 0.561026
0.0208012 0.300835 -0.239597 0.0274551 0.708868
0.60523 0.0733674 0.0799995 -0.198929 0.824244
-0.296911 -0.790507 0.0603623 -0.212016 0.257247
0.0136198 0.972781 0.233264 -0.14543 0.398058
0.0814795 0.0680231 0.0788654 -0.0372352 0.432816
-0.652701 0.660306 0.0811808 0.214099 0.738043
0.892309 0.636264 -0.101844 0.23103 0.520075
-0.0421683 -0.801373 -0.0697566 -0.120979 0.228212
-0.0728177 -0.572325 -0.0926868 0.0702709 0.628765
0.968771 0.996122 -0.0976188 0.245105 0.157459
-0.999424 -0.825402 0.234086 -0.0760615 0.179492
-0.400859 -0.659758 0.0235749 0.0661066 0.575213
-0.10413 0.593706 0.111252 0.110529 0.758097
-0.632307 -0.0641978 -0.200976 -0.205684 0.389873
0.338365 -0.373445 -0.0145452 -0.0883377 0.1
0.780239 0.833599 -0.18889 0.111404 0.582274
0.579699 -0.741767 0.202804 0.0101463 0.698415
0.911263 0.618062 -0.119107 0.0672535 0.534775
-0.536851 -0.795139 0.153964 -0.0457515 0.394071
0.882702 0.695397 -0.198641 0.0408525 0.1
0.503417 -0.280851 -0.135642 -0.0208345 0.961166
-0.440758 0.740332 -0.184264 0.047704 0.448852
-0.693742 0.452875 -0.133203 -0.104114 0.871056
0.558957 -0.345879 -0.0790296 -0.173912 0.503818
-0.944172 -0.56739 -0.0489017 -0.106651 0.998266
0.314653 0.440974 0.143409 -0.0135062 0.238706
-0.046753 -0.147706 0.101279 0.0247009 0.811659
-0.440735 0.449882 -0.0441658 -0.0195163 0.63684
-0.783894 0.398959 0.225852 -0.0255852 0.677106
0.277394 -0.078949 -0.054258 0.116673 0.44791
0.00620174 0.100023 0.0376485 -0.0882507 0.752041
-0.449022 -0.824077 -0.0957177 -0.243513 0.351464
0.212882 -0.45345 0.195594 0.00523666 0.745294
-0.940358 0.35128 0.208578 0.092082 0.608558
-0.356077 0.89677 -0.100913 -0.0901651 0.1
0.601138 -0.146777 0.198745 0.194565 0.911498
0.52778 -0.0294737 0.174589 -0.214654 0.414688
-0.975517 -0.911433 0.0819649 -0.0481067 0.556369
0.819554 -0.443158 0.067634 -0.00395043 0.927729
0.0480859 0.621982 0.136066 -0.22383 0.413949
-0.59423 0.958063 0.00164509 0.0731153 0.62734
0.905388 -0.364697 -0.0694273 0.10315 0.967685
-0.128967 0.959389 -0.0805844 -0.0326904 0.821393
-0.0610697 -0.0525069 0.0667676 -0.142576 0.506137
0.503208 -0.426054 0.0186189 0.110765 0.121349
-0.8641 -0.492405 -0.0219486 0.212627 0.933266
-0.799085 -0.411041 -0.0253039 0.151914 0.922027
0.351063 0.586148 0.170205 -0.240455 0.258946
0.976374 0.420226 0.0339607 0.227326 0.704708
-0.704634 -0.61925 0.00156665 0.201917 0.804956
-0.888969 0.133084 -0.00172798 0.202633 0.928422
-0.0327016 0.370978 0.136851 0.0462824 0.212991
-0.602805 0.095126 -0.0778946 0.00095728 0.739184
-0.679823 -0.448834 -0.208888 -0.0186323 0.593119
0.886963 0.0745618 -0.0319815 0.12476 0.788215
0.296108 0.359197 -0.21383 -0.132333 0.956014
0.0127141 0.978744 0.14385 0.0265379 0.872969
0.0888332 -0.579302 -0.00808316 0.0568884 0.730602
0.65057 0.258401 -0.189905 0.0396974 0.630186
-0.108061 -0.548292 0.00550118 0.0367257 0.818684
-0.65281 0.89284 0.0194888 -0.152191 0.1
-0.502264 0.486079 -0.198429 0.243219 0.597446
-0.976492 -0.706706 -0.215759 0.234199 0.922925
0.743194 -0.825027 0.235351 -0.080183 0.954556
-0.486892 0.970096 -0.146171 -0.198738 0.371495
-0.88684 0.727507 -0.0898651 -0.036483 0.313554
0.408144 0.165182 -0.0494384 0.0834085 0.524186
0.234785 -0.972043 -0.078817 -0.16338 0.757355
0.537026 0.616207 0.234835 -0.230352 0.422207
-0.250256 0.931627 0.0193191 -0.193869 0.665552
0.185178 -0.895673 0.144397 0.102293 0.803436
-0.791747 0.583445 0.0713484 0.20454 0.862511
0.938122 -0.488087 0.244384 -0.172178 0.102359
-0.530403 -0.609133 0.230714 -0.170784 0.1
0.849297 0.917477 -0.132923 -0.171404 0.33946
-0.185818 -0.41766 0.149131 -0.109481 0.114721
0.852778 -0.58972 0.208797 -0.236579 0.1
-0.678885 -0.408352 0.122747 -0.212942 0.1
-0.987784 -0.466875 -0.0661441 0.0652471 0.491744
0.0581312 0.818194 0.0294944 0.230598 0.1
-0.10675 -0.466166 -0.106664 0.247331 0.625692
-0.507675 0.176369 -0.249905 0.13419 0.408563
-0.996323 -0.257272 0.0467121 -0.167241 0.667259
-0.330659 0.187184 0.104413 -0.134843 0.326194
-0.981672 -0.708882 0.00566182 0.0800023 0.484444
-0.904547 0.203262 -0.0630958 -0.196805 0.749219
0.096526 -0.0135904 0.248665 -0.185908 0.526949
-0.807167 -0.223486 0.113742 0.230545 0.231712
-0.420204 0.693434 0.13985 0.13033 0.140672
-0.359858 0.699228 0.151082 -0.0415519 0.831061
-0.569347 -0.269104 -0.147538 -0.095374 0.740233
0.544131 -0.105847 -0.10012 -0.125641 0.92542
0.475733 -0.483668 0.220934 -0.218757 0.951144
-0.83998 0.172222 -0.129252 -0.0533252 0.548036
0.674095 0.713112 0.236128 0.203922 0.861165
0.0886741 -0.988704 0.21553 -0.17796 0.970096
0.538363 0.752452 0.168815 -0.165564 0.571235
0.896864 -0.595336 0.0830638 -0.0993408 0.990685
-0.820596 0.428174 0.0790832 0.0295286 0.109904
-0.260276 0.0777526 0.0249066 0.14116 0.692686
-0.521837 -0.0895922 -0.122343 0.163827 0.802575
0.973659 0.230031 -0.0794999 0.152936 0.1
0.655731 -0.624638 -0.0682637 0.223271 0.469991
0.856316 0.279746 0.0561585 0.173671 0.1
-0.872155 -0.769929 0.145929 -0.227466 0.120311
0.664173 0.984587 0.0143702 -0.227522 0.775831
0.391343 0.772583 0.153868 0.148057 0.764523
0.747695 -0.103515 0.200655 0.219302 0.58759
-0.180887 0.39441 -0.0776181 0.00292826 0.600257
-0.803064 -0.120336 -0.0374806 0.0191213 0.522756
-0.968179 -0.169581 0.13749 -0.0802819 0.1
-0.871707 -0.778795 0.174034 0.138713 0.691647
0.0027647 0.0165429 0.243078 0.0600361 0.123182
0.467365 -0.958604 -0.0655685 -0.0355071 0.1
-0.634732 0.267632 0.24414 -0.0386567 0.725156
-0.616502 -0.409117 0.000574678 -0.0347582 0.547912
0.141056 -0.308893 0.123495 -0.0903815 0.111088
0.667013 -0.551754 0.233058 0.127296 0.115228
-0.613185 -0.844618 -0.161432 0.14385 0.117629
0.779223 -0.231919 0.0326175 -0.128318 0.384326
-0.949538 0.256439 -0.0722176 0.151863 0.476181
0.860396 0.991352 -0.192797 0.139753 0.217583
0.353625 -0.686552 0.20067 -0.0104201 0.331711
0.455559 0.731134 -0.120433 -0.230461 0.962868
-0.883485 0.795591 0.155532 0.174062 0.363109
-0.650828 -0.872558 -0.178382 0.145568 0.619544
-0.196537 -0.570585 -0.216218 0.11608 0.177808
0.718624 0.941586 0.0913814 0.184618 0.79289
0.889574 -0.8938 0.223137 -0.248807 0.475622
-0.595082 -0.0548383 -0.0880901 -0.220573 0.799424
-0.0127121 -0.343458 -0.0280673 -0.157354 0.742711
-0.688004 -0.705828 -0.0747184 0.133908 0.336098
0.0432101 0.961777 0.0156818 0.130171 0.416725
-0.94692 -0.306644 0.105146 0.0361322 0.535878
-0.489892 0.903162 -0.0871759 0.247359 0.520877
-0.733173 -0.441936 0.223692 -0.144363 0.1
0.830229 0.153804 -0.0478836 0.205305 0.438855
-0.660083 0.927228 -0.115707 -0.172759 0.496835
-0.7766 0.563543 0.227393 0.127362 0.771855
-0.0272778 -0.732949 0.150463 0.186682 0.38571
-0.961492 -0.365777 -0.195042 -0.227721 0.500288
0.923429 0.810356 -0.0703415 -0.0160941 0.1
0.963806 -0.594982 -0.116159 0.108011 0.952868
-0.526682 -0.770806 -0.151375 -0.190461 0.86734
0.0949101 -0.95037 0.0698865 -0.130661 0.601653
-0.523042 0.888099 -0.160396 -0.110121 0.651394
0.17472 0.270699 -0.156149 0.189998 0.826654
-0.785723 -0.507272 0.0542626 0.15136 0.1
0.0905461 -0.143168 -0.156934 0.105382 0.578066
0.851318 -0.393869 -0.163703 -0.198653 0.796232
-0.262097 -0.317627 0.13845 -0.193202 0.333301
0.546118 -0.259334 -0.238908 -0.110572 0.710015
-0.0691805 0.74952 -0.233028 0.193276 0.55104
0.872279 0.611259 -0.0850829 0.0926311 0.936784
-0.272473 0.297772 -0.0504644 0.0502135 0.394534
-0.666887 -0.181365 -0.237983 -0.106761 0.156358
-0.901321 0.867216 -0.104161 -0.123741 0.675105
-0.851959 0.80781 -0.189999 -0.181249 0.514475
0.688635 0.287282 -0.0168684 -0.21728 0.452269
-0.649571 -0.788892 0.228188 0.0881814 0.585843
-0.975328 -0.995711 -0.0752126 -0.221817 0.526935
-0.0766703 0.477964 0.169447 0.139116 0.833632
0.242479 0.396538 0.115435 0.0736533 0.273341
0.178077 -0.544508 -0.0415369 -0.0932352 0.121474
-0.730545 0.158626 0.0730248 0.030992 0.623392
0.780241 -0.932913 0.164613 -0.0713917 0.545927
-0.541872 -0.661754 0.00591514 0.0394824 0.712223
-0.0265085 -0.497476 -0.102666 0.0367452 0.59926
-0.375657 -0.726143 0.099116 0.227018 0.488816
-0.633323 -0.603343 0.0662193 -0.17764 0.345884
0.388307 -0.791033 0.10796 -0.111966 0.258806
0.121649 -0.778795 0.151833 -0.0694617 0.801528
0.243162 0.956768 0.164067 0.175614 0.888664
0.0275126 0.0744196 -0.0077782 0.0132498 0.976066
0.481158 -0.186438 -0.062716 0.050743 0.524654
-0.513448 -0.120977 0.204136 -0.228723 0.643047
-0.371772 0.710343 -0.0387255 -0.18477 0.162313
0.126366 0.509981 -0.0225864 0.171617 0.716279
-0.197994 -0.0336975 -0.0205394 -0.232174 0.261929
-0.823897 0.899683 0.190182 -0.243157 0.231335
-0.17286 0.481144 -0.102638 -0.231633 0.599795
0.54197 0.216526 0.0424899 0.048936 0.251369
0.733915 0.166018 0.0366583 0.184498 0.1
0.350081 0.0613527 -0.0940803 -0.167052 0.453486
-0.817562 3.0756e-05 0.201105 -0.221813 0.94299
0.261053 -0.912651 0.175285 -0.0922409 0.98629
-0.99075 -0.901059 0.0605702 -0.219066 0.980015
-0.257362 0.198789 0.1578 0.0242064 0.705266
-0.962618 -0.271819 -0.0737006 -0.154465 0.247264
-0.295874 0.68112 -0.175915 -0.00894915 0.883692
-0.308745 -0.326394 -0.23393 0.0922179 0.924688
-0.347779 -0.0546212 -0.143087 0.181036 0.997984
0.000892639 0.594193 -0.0222643 0.0473574 0.1
-0.114713 -0.559947 0.179379 -0.078244 0.934072
-0.203211 -0.969795 -0.221941 0.0376125 0.1
0.415379 -0.00916219 -0.0197273 -0.207023 0.98982
0.899004 -0.975559 -0.243315 -0.186095 0.318933
0.111832 -0.186047 -0.0567739 0.231822 0.1
0.982132 -0.991519 -0.227025 0.0355011 0.838579
0.470494 0.76422 -0.150843 0.137962 0.952557
0.314819 0.146807 -0.21749 -0.12169 0.745298
-0.736201 0.0185947 0.0796747 -0.17125 0.662901
-0.69738 0.0589749 -0.101814 0.161927 0.437481
-0.970663 0.0469534 -0.0806676 -0.0710588 0.1
-0.464924 0.88266 0.043653 -0.237461 0.957515
-0.308848 0.997509 0.111454 -0.0264154 0.299042
-0.385428 0.535866 0.000410825 0.10725 0.620217
0.647397 0.530166 0.117722 0.214396 0.324698
0.468282 -0.243798 -0.0357585 -0.127857 0.333541
0.0777389 0.0221848 -0.229358 -0.160149 0.56706
0.637244 -0.865704 0.222684 0.00404519 0.664007
0.939167 -0.675667 -0.23437 0.197596 0.218142
-0.703491 -0.285087 -0.162953 0.10789 0.290736
-0.536352 0.67655 0.164358 0.054654 0.695695
0.422419 0.27094 -0.110588 0.0407505 0.762325
-0.0646622 -0.658256 -0.200083 -0.192814 0.462474
-0.844888 0.270267 0.249872 -0.103386 0.55566
0.0911036 -0.866351 0.229641 0.182391 0.452964
0.674495 0.204486 0.191016 -0.0673164 0.727289
0.43768 -0.0904346 0.0815527 0.19053 0.363468
0.425462 -0.712285 -0.0490442 0.216568 0.544754
-0.92856 0.654947 -0.247675 -0.114812 0.1
-0.891321 0.115875 0.133132 0.0578562 0.33586
-0.643231 -0.1584 0.209147 0.137884 0.513126
0.957157 -0.563299 -0.160591 -0.220419 0.243635
0.506261 -0.889223 0.15953 0.110772 0.665573
0.179635 0.524598 -0.111053 -0.0904296 0.861807
-0.562792 -0.322169 0.105411 -0.129293 0.38652
-0.827093 -0.425173 -0.146406 0.181572 0.674235
-0.164494 0.74425 -0.0745787 0.20156 0.990569
0.0394437 0.337614 0.12238 0.0387263 0.1
-0.632537 -0.694547 -0.219791 0.0299941 0.929811
-0.501567 0.188347 -0.24825 -0.147464 0.616001
-0.0386258 0.0321194 0.213533 -0.0665697 0.56945
0.974751 0.0707344 0.111311 0.003914 0.331279
-0.535859 0.678458 -0.0713978 0.122414 0.794148
-0.677984 0.658013 0.138955 0.0694374 0.861642
-0.129666 -0.647845 -0.17347 -0.155315 0.543451
-0.51876 0.426131 0.0536571 0.185164 0.612814
-0.225106 -0.56286 0.22729 0.010728 0.225956
-0.986196 -0.530454 0.0226866 0.17183 0.518338
0.408973 -0.082067 0.0166504 -0.0402588 0.351725
-0.9664 -0.723823 -0.186496 0.234704 0.101396
0.944724 0.845368 -0.124077 0.0902296 0.230032
0.390791 -0.105822 0.19673 0.0298679 0.1
-0.699906 0.731907 -0.12185 0.0993125 0.771791
0.374233 0.915848 0.0958441 0.113402 0.16964
-0.908938 0.335516 -0.0373712 0.19112 0.929314
-0.103699 -0.499094 0.18283 0.136015 0.82806
-0.212788 -0.562618 -0.171806 0.165882 0.33694
0.938269 -0.84003 -0.0552223 0.181039 0.1
0.559618 -0.297933 0.0554749 0.0482524 0.1
-0.964052 0.081634 0.0482588 -0.203961 0.659473
0.121509 -0.648665 0.0210844 0.138735 0.884106
0.778348 0.180534 -0.130677 -0.223285 0.794427
0.647105 -0.300722 0.0507784 0.0322386 0.871388
0.897944 -0.697739 -0.24162 -0.00380145 0.884144
0.719331 0.311176 -0.156191 -0.0365941 0.448554
0.00411856 -0.960481 -0.201465 0.247167 0.679094
-0.988549 0.248486 0.148492 0.0165019 0.554794
-0.706409 -0.932873 0.117941 0.103497 0.220606
0.87295 0.339164 -0.0497371 0.19962 0.487524
-0.833503 -0.183484 0.175292 0.0460042 0.121467
0.877597 -0.168735 0.120857 -0.0805292 0.668314
0.962199 -0.628402 -0.147512 0.0865728 0.641444
-0.446522 0.902158 -0.0254595 -0.0601582 0.701066
0.18958 -0.288355 -0.095635 -0.2423 0.75484
0.116346 -0.225534 -0.034194 0.042467 0.75958
-0.759414 -0.526923 -0.0350974 -0.0968414 0.797343
0.360647 0.363542 0.0643534 0.0236965 0.579478
0.704584 -0.67538 0.187255 -0.0833564 0.407083
-0.867438 -0.724787 -0.140182 0.192149 0.999232
0.00413895 -0.29246 -0.17758 -0.133294 0.365428
-0.787485 0.618804 -0.00969672 0.111855 0.1
0.508953 -0.501921 0.079673 -0.110363 0.650625
0.142158 -0.3877 0.00321198 -0.0510898 0.683354
0.447705 0.195284 0.0227361 0.0710405 0.710763
0.479379 0.121462 0.012902 -0.0475353 0.325413
-0.499062 0.53377 0.0494801 0.203381 0.134119
0.512638 0.802714 -0.021234 0.127823 0.765878
0.569199 -0.628149 -0.220931 0.0578801 0.846068
0.295577 -0.40568 0.14249 0.00941959 0.492328
0.821074 -0.744619 -0.107105 -0.0695121 0.687609
-0.623355 0.0329859 0.213153 -0.0448374 0.1
-0.538391 -0.178812 -0.219306 0.220887 0.583548
0.63973 0.162597 0.169814 -0.183028 0.803114
0.552631 0.864988 0.243054 -0.172514 0.801241
0.856095 0.770358 -0.215849 -0.214221 0.789575
0.362828 -0.0994071 -0.19453 0.131878 0.125509
-0.735969 -0.714495 -0.173186 -0.130884 0.1
-0.0973111 -0.464098 -0.180346 -0.0311222 0.33168
-0.361545 -0.947319 -0.0322626 0.178257 0.222205
0.683089 0.660472 -0.129114 0.125417 0.406607
-0.0983031 0.949124 -0.215268 -0.133352 0.340784
-0.76197 -0.906198 -0.0769873 -0.0646603 0.236718
-0.241031 0.980625 0.204326 0.245263 0.763775
-0.382174 0.919774 0.0641512 -0.246669 0.1
0.902052 -0.688053 0.116564 0.185417 0.1
0.422967 0.730224 0.0902981 0.14967 0.471335
0.0324982 0.34664 -0.0951741 0.122087 0.948065
0.722478 0.714919 -0.00174418 0.0577495 0.263109
-0.38379 0.141266 -0.0687824 0.122278 0.891767
0.904609 0.77257 0.193912 -0.155332 0.586508
0.272112 -0.620218 -0.0726473 -0.00684828 0.35065
-0.0124629 0.296414 0.1775 -0.151893 0.576838
-0.562927 -0.204817 0.0311329 -0.200009 0.206478
-0.932123 0.766347 0.0422992 -0.0970966 0.703931
0.112999 -0.896324 0.193758 0.241857 0.916634
-0.0586063 0.939367 0.0536531 0.0444112 0.544987
-0.83535 -0.26242 -0.0214093 0.00577426 0.425718
-0.474389 0.00598121 0.158379 -0.14748 0.270747
-0.698461 -0.704652 -0.239969 -0.0280538 0.834704
0.995085 -0.982896 0.204438 0.216524 0.440734
-0.520326 0.365106 0.0617704 -0.231802 0.794082
0.339567 0.686639 0.243482 0.129601 0.500688
0.658431 -0.943023 -0.181676 -0.20306 0.440353
-0.7838 0.266743 -0.0989394 0.240522 0.1
0.783441 0.895711 0.106582 -0.0183677 0.854993
-0.802533 0.325228 0.233914 0.134422 0.956557
0.930601 0.870068 -0.0477512 0.138927 0.138434
0.486379 -0.369766 -0.122859 0.174078 0.931353
-0.630351 -0.580888 0.181642 -0.0831529 0.884475
0.326277 0.759728 0.17849 0.00662819 0.168437
-0.538316 0.764377 0.0858272 -0.15049 0.330749
0.312235 0.767431 -0.17436 -0.0345182 0.1
-0.0554892 0.180375 0.105637 0.0513582 0.868394
0.848084 0.398145 -0.0508677 0.128046 0.294392
-0.00562936 -0.215687 0.14491 0.193449 0.709621
0.746429 -0.780301 0.109003 -0.0737903 0.263637
0.908629 0.647283 0.147249 0.228204 0.100639
0.553774 -0.211516 -0.0113784 -0.099414 0.883854
-0.233431 -0.691035 0.0116537 0.146528 0.329622
0.250245 -0.864429 -0.12544 0.234859 0.65226
-0.788733 0.614244 0.167266 0.18995 0.772552
-0.651312 -0.978672 0.117882 0.0562172 0.870456
-0.380339 0.275344 -0.238674 -0.235791 0.540599
-0.164996 0.927358 0.108007 0.038413 0.626131
0.326727 -0.2597 -0.23718 -0.181508 0.713722
-0.731832 -0.444155 0.175859 0.0694627 0.471948
0.628513 -0.458465 0.0652177 0.130904 0.13239
0.212592 0.04557 0.188422 0.084891 0.268313
0.575091 -0.259162 -0.010351 -0.148559 0.147003
0.9343 0.0601664 0.249997 0.0200925 0.1
-0.561696 -0.0344869 -0.00581594 0.0334101 0.775128
0.0642774 0.285055 0.136719 -0.168497 0.545482
0.0248679 -0.707791 -0.0400748 -0.211063 0.817524
0.50667 -0.670545 -0.232337 -0.210463 0.358732
-0.929189 -0.410245 -0.0989306 0.153024 0.87137
0.133401 -0.380115 -0.182688 0.227177 0.640829
0.551673 0.362363 0.118796 -0.0635079 0.431174
0.610757 -0.470686 -0.145165 -0.0780566 0.115414
0.771634 0.333202 0.0952841 -0.240918 0.426003
0.900444 -0.721819 -0.197283 0.141932 0.940951
-0.593073 -0.570172 -0.122261 0.0974581 0.3541
0.413052 -0.556351 0.17558 0.0779524 0.660379
-0.863231 0.0864522 -0.0387362 -0.190141 0.484595
0.0278735 -0.879449 0.0260186 -0.0483267 0.973022
0.201814 0.512892 0.122516 -0.0406549 0.1
0.389696 0.842619 -0.0669274 0.116423 0.887985
0.158202 0.846104 0.027036 -0.0432337 0.422424
0.23673 0.348826 0.133699 0.103719 0.459411
-0.800871 0.258222 -0.13644 0.235125 0.697101
-0.533925 0.467921 0.232422 0.204853 0.948194
-0.993831 -0.283438 0.193198 0.231977 0.56445
0.136255 -0.85141 0.0915743 0.0741072 0.259695
0.478557 -0.533918 -0.0581184 -0.111342 0.325633
0.0859357 -0.810955 0.0440058 -0.0891637 0.139093
0.784392 0.0664003 0.17265 -0.0841895 0.488251
0.427586 -0.901595 -0.146107 0.101324 0.190489
0.896493 -0.530321 0.137552 -0.00333729 0.780087
0.982407 0.408711 -0.158726 -0.0603747 0.29863
-0.188799 -0.217529 0.0577485 -0.00845715 0.1
-0.309966 0.487743 0.190673 0.0601056 0.100838
0.546878 -0.031853 0.104017 0.114431 0.264534
-0.167804 0.0590744 -0.0330862 0.0679438 0.84413
0.675883 0.433273 -0.135259 0.0248359 0.720243
-0.320458 0.576653 -0.228208 -0.203724 0.649297
0.290353 -0.092792 -0.125583 0.0586862 0.967987
0.78621 -0.735065 -0.111951 0.156942 0.163365
0.810772 -0.404694 0.0832166 0.213634 0.679302
-0.902018 0.947756 -0.083742 0.132039 0.330576
-0.163893 -0.989073 -0.167537 0.00182095 0.611476
-0.135073 0.118131 0.0688154 0.182345 0.687512
0.680079 0.901361 -0.230323 -0.107698 0.420455
0.238942 -0.181169 -0.221013 -0.0986351 0.366876
-0.0604733 -0.340325 0.188191 0.181019 0.397417
0.750366 -0.863443 0.00770098 0.237492 0.540186
0.884982 -0.78214 0.144332 0.133085 0.828007
0.1781 -0.0766714 -0.040161 -0.0413537 0.659041
-0.892177 0.624554 -0.228924 -0.248061 0.664527
-0.574145 0.611087 0.0488001 0.176387 0.184306
-0.632637 -0.348656 0.133053 -0.167887 0.738515
-0.671304 0.6197 0.191015 -0.140121 0.275539
-0.240895 0.365003 -0.163009 -0.0358026 0.1
-0.518431 -0.690092 -0.0334458 0.101913 0.486058
0.788347 -0.581369 0.072053 0.0286558 0.246877
-0.616787 -0.0672988 -0.0429668 0.188912 0.535902
0.172406 -0.413358 -0.125598 0.118096 0.844262
0.844232 0.821826 0.0151523 0.00148827 0.543827
0.567124 -0.455766 0.104864 -0.139397 0.485996
-0.70719 -0.310783 0.0516134 -0.0277468 0.32239
0.644403 -0.314279 0.0973569 -0.121075 0.90433
0.202743 0.611445 0.0848442 0.216779 0.850169
-0.990991 -0.175701 -0.179223 0.206762 0.387146
0.861476 0.443247 -0.126856 -0.0302881 0.846532
0.402016 -0.512569 0.0755075 -0.0214694 0.379407
0.0678428 0.238445 -0.162429 0.154827 0.425739
-0.890663 -0.674145 -0.150631 0.221802 0.75458
0.660694 -0.108011 0.235181 0.0105788 0.734198
-0.313741 -0.710466 0.227189 -0.0376512 0.401682
0.820967 -0.190885 -0.135716 -0.102948 0.824633
0.630875 0.511414 0.206466 0.0710784 0.595309
-0.476086 -0.643089 0.029104 -0.0990185 0.295563
-0.173413 -0.273677 -0.0904705 0.109662 0.72636
-0.934395 0.192624 -0.137853 0.157992 0.782264
-0.82432 -0.266879 -0.216865 0.100092 0.26504
-0.645615 0.559059 -0.0451447 -0.134514 0.1
0.624213 -0.823701 -0.0959327 0.0758206 0.1
0.603947 0.824639 -0.0731691 -0.173887 0.895515
0.394847 -0.565524 0.0922318 0.150131 0.523147
0.0612227 0.56777 -0.143081 0.133778 0.430085
0.124826 0.578347 0.0318919 0.198852 0.89156
0.919641 0.425325 -0.133984 0.142848 0.230782
-0.503366 -0.341326 0.13028 0.124124 0.282764
0.123794 -0.918785 -0.224312 -0.039011 0.577413
0.17094 0.748565 0.219372 0.210737 0.705971
0.836624 0.375252 0.0373707 -0.00150144 0.606031
0.817357 -0.602971 0.10741 -0.110668 0.404314
-0.642242 -0.808326 -0.1726 -0.130402 0.572202
-0.816664 0.176224 -0.199253 -0.0652989 0.1
-0.757498 0.726322 0.0919879 0.0347872 0.685541
-0.907006 0.461105 -0.199727 0.234628 0.368496
0.98339 -0.609746 -0.146511 -0.0344994 0.867099
-0.720688 0.310624 0.162749 0.0685132 0.419769
-0.688735 -0.598168 0.0758627 -0.190235 0.1
-0.221329 -0.977319 -0.191493 0.0953805 0.179036
0.194511 -0.946154 0.0669941 0.130938 0.252271
0.0169572 -0.730649 0.117512 0.155668 0.531938
0.792557 0.428158 -0.13702 -0.218057 0.404429
0.0647632 0.601741 -0.0291044 -0.0144625 0.295866
-0.141684 -0.273907 -0.206147 -0.0429905 0.363991
0.617546 0.57677 0.152417 -0.0192572 0.25457
-0.845834 0.239632 0.205423 0.134497 0.92754
0.530436 0.68249 -0.220356 -0.206536 0.525671
-0.757117 -0.252692 -0.175096 -0.127703 0.159359
0.60311 -0.446925 0.229527 0.213877 0.58584
-0.946975 -0.532136 -0.243138 0.243305 0.322887
0.155236 0.676713 0.150117 -0.205023 0.596002
-0.0236877 -0.998144 -0.072619 0.188494 0.271116
-0.834322 -0.190444 0.0997307 -0.20518 0.210364
-0.955827 -0.485655 0.207414 0.0519726 0.908514
0.78659 -0.659193 -0.231183 -0.240017 0.145185
-0.0496241 0.223692 -0.0833641 0.0341595 0.604632
0.279161 0.340808 -0.0926924 0.170055 0.323772
-0.831086 -0.541406 0.123132 0.137782 0.866611
-0.342527 -0.766207 0.155548 -0.00534701 0.564087
-0.76334 0.259379 -0.0286351 0.147141 0.64302
-0.73882 -0.531841 0.184283 0.101826 0.640578
0.0915674 -0.172756 -0.143542 0.101193 0.624391
-0.489838 -0.0532408 -0.236312 -0.0133868 0.868013
0.535813 -0.59881 0.194195 -0.121154 0.983586
-0.175223 -0.684445 0.124057 0.157855 0.871381
0.195133 -0.525889 0.213988 0.188999 0.676531
-0.890671 -0.158337 -0.0672295 0.0274909 0.972962
-0.146323 -0.76048 0.0605938 0.0124441 0.501381
0.683151 -0.525941 -0.18637 -0.203956 0.974931
-0.432604 -0.0218045 -0.06716 0.249888 0.145853
-0.675843 -0.550441 0.201842 -0.178611 0.351037
0.204847 -0.213998 0.00345907 -0.169352 0.758085
-0.210573 0.676602 0.185669 0.0416893 0.595883
-0.931747 0.0751554 0.116543 -0.00508341 0.3417
0.472584 0.465032 0.0350468 -0.224914 0.274355
0.0907987 -0.460946 0.0540238 -0.120792 0.42772
0.00634575 0.927134 -0.163748 -0.0552872 0.303108
0.910576 0.291107 0.0991936 0.183383 0.37829
0.888998 0.427935 0.186215 0.181936 0.279128
-0.93629 0.0770811 -0.218371 -0.00888583 0.1
0.321807 -0.302317 0.0642265 -0.233259 0.809932
-0.785502 -0.269038 0.0829842 0.162778 0.68895
0.709289 0.965438 0.136427 -0.05592 0.583946
-0.114171 0.447206 0.0907125 0.000553846 0.729429
0.239586 0.00838232 0.0899565 -0.0697481 0.718472
0.790974 -0.99597 -0.0180877 0.0814805 0.49244
0.282252 0.0803162 0.0615714 0.208044 0.791007
-0.00900424 -0.179933 -0.200658 0.00572914 0.1
0.770513 0.409344 -0.237055 -0.177843 0.165584
0.521001 0.161834 0.198099 -0.0113992 0.5224
-0.361084 0.806806 -0.121309 -0.222006 0.1
0.669418 -0.441778 -0.127599 0.0516819 0.848214
0.695558 0.737817 0.0428777 -0.0296811 0.438571
0.452885 -0.0405214 0.221279 -0.0281217 0.516643
0.143825 0.604822 -0.0814146 0.0862728 0.511896
-0.760113 -0.93592 0.102432 0.183247 0.350638
-0.355015 -0.917624 -0.0375396 0.232535 0.158543
-0.539858 -0.966325 0.229986 0.198968 0.573842
-0.242832 -0.571952 0.0769269 -0.0159744 0.553645
-0.683903 0.353281 -0.176083 -0.217569 0.1
0.171153 0.232658 -0.152126 -0.221794 0.747345
-0.451683 0.497452 -0.246011 0.202072 0.947511
-0.412336 0.293244 0.106961 -0.0561683 0.444604
-0.261096 0.949474 -0.100407 0.16301 0.63012
0.718774 0.933537 0.00427911 -0.12413 0.729786
0.591379 -0.321145 0.0600727 0.0793765 0.288052
-0.452935 -0.906704 0.159893 0.0347636 0.437949
0.572125 0.0297375 0.0616158 0.145976 0.999086
-0.726645 0.999572 0.0484129 -0.0269622 0.620902
-0.596949 -0.120526 0.240632 -0.151268 0.920489
0.713321 0.045701 -0.0121913 -0.219472 0.295689
-0.621697 -0.413928 0.242269 0.0926805 0.493358
-0.491599 0.722624 0.123053 -0.0982707 0.1
-0.00683981 0.356605 0.176613 0.0365872 0.353496
-0.582922 0.239367 0.0633347 -0.116927 0.137795
0.304546 -0.13397 -0.233331 0.174505 0.139012
-0.138692 -0.00204569 0.114458 -0.0113828 0.59372
0.26519 0.863571 -0.21107 -0.20532 0.922485
0.539284 0.153001 -0.086785 -0.146316 0.586599
0.0568763 -0.0802723 -0.24989 0.0922645 0.90896
0.712681 0.658315 0.0379978 0.247762 0.312724
-0.964305 0.595415 -0.0402871 -0.101226 0.943185
-0.532039 0.357391 -0.152432 0.239091 0.1
0.397344 -0.866209 0.195493 0.0543354 0.247937
0.246318 0.896818 -0.102158 -0.0791866 0.413903
-0.96982 0.552916 -0.0726948 -0.205665 0.911773
-0.214219 -0.255475 -0.185861 0.160542 0.738037
-0.0604804 0.434231 0.0281568 -0.0597178 0.115493
-0.563767 -0.344388 -0.0875565 -0.198559 0.726294
-0.234539 0.177648 0.161351 0.183531 0.1
0.11702 -0.553959 -0.110307 -0.248325 0.847851
-0.706797 0.159769 -0.0176274 -0.0701689 0.961879
-0.362909 0.145819 0.0252788 -0.193896 0.756622
0.43962 -0.976106 0.114453 -0.170205 0.139731
0.282132 -0.475316 0.202351 -0.0365567 0.397336
-0.156845 0.872932 0.166105 0.09901 0.462606
-0.0713167 0.233103 -0.123682 0.0861008 0.104105
0.359759 0.582246 -0.109744 0.165437 0.430398
-0.344027 -0.99244 -0.214156 0.156859 0.413247
-0.40558 0.12415 0.000803173 -0.172442 0.819929
0.713239 -0.561447 0.120373 -0.247934 0.220783
-0.0854973 0.288996 -0.219135 -0.0503891 0.757775
0.587074 -0.331102 0.178459 -0.106326 0.1
-0.476051 -0.242028 -0.213943 -0.23527 0.665299
-0.979103 0.65924 0.197347 0.15338 0.583233
0.586112 -0.210482 0.0221777 -0.15953 0.480937
-0.697681 -0.297542 -0.0848364 0.0310781 0.209242
-0.577217 0.861786 0.0275757 -0.0620976 0.435519
-0.366787 -0.23356 -0.134435 -0.192123 0.34331
0.850947 0.639982 -0.193401 -0.0615525 0.135554
-0.459406 -0.349418 0.104023 -0.00807419 0.432419
-0.332683 -0.130186 0.198168 0.246425 0.304394
0.496875 -0.751278 0.0296955 -0.0445732 0.616052
-0.999376 0.300285 -0.213006 0.103617 0.518228
0.614073 -0.829418 -0.134835 -0.249457 0.79748
0.855949 -0.444245 -0.0401365 0.0299813 0.22821
0.822518 -0.52282 0.124328 -0.132645 0.435234
0.667298 0.357757 0.17337 -0.231988 0.782927
0.925035 0.569494 0.169978 0.184428 0.843668
0.469617 0.526992 0.182466 -0.00648141 0.431115
0.975937 0.841306 0.0375807 -0.173829 0.139694
0.0892032 -0.101807 -0.192711 -0.24493 0.503167
-0.995612 -0.428914 -0.0126337 -0.228165 0.975643
0.43725 -0.165913 -0.128979 0.244741 0.696703
0.311956 0.86404 -0.227194 -0.0311477 0.215737
-0.737147 -0.884171 -0.158924 0.0377254 0.579125
0.149016 -0.0169522 0.222201 -0.242785 0.60573
0.377381 0.592958 -0.0815436 -0.186373 0.461561
0.594916 0.805848 0.0191748 -0.240039 0.233059
0.0816647 -0.99919 0.0231234 0.208734 0.623825
0.988157 -0.0144337 -0.246696 -0.22497 0.257944
0.253315 0.256354 0.115111 -0.0383262 0.1
-0.480485 0.0388339 -0.237799 -0.00190477 0.774732
-0.187224 0.597262 0.00977153 -0.214407 0.1
0.910986 0.0106893 0.0928011 0.234139 0.778743
-0.440982 0.178208 -0.0344913 0.112613 0.638897
-0.00589001 -0.563449 -0.194748 0.200351 0.82012
-0.594913 -0.104986 -0.124385 0.0215313 0.140293
-0.252184 -0.285233 0.0113593 0.234028 0.830081
-0.992904 0.716267 0.156799 -0.0736857 0.135947
-0.052852 0.836892 -0.0889418 -0.154007 0.900552
-0.857354 -0.437125 0.107706 -0.0237548 0.733608
-0.136435 0.254658 0.180539 -0.230066 0.179261
-0.750527 0.194114 0.0397364 0.0568452 0.957243
0.0845734 -0.915692 -0.1991 -0.113838 0.944645
-0.218543 0.0185119 0.114527 -0.0435061 0.697683
0.0809363 0.328622 -0.0289623 0.00694343 0.685341
0.720862 -0.443534 0.0266445 -0.0767369 0.584447
-0.874023 -0.230535 0.083183 0.16694 0.495954
-0.00182098 0.252529 -0.244248 0.114736 0.565326
-0.512429 0.834656 0.0780753 -0.0590409 0.371617
-0.394693 -0.459113 -0.24558 0.185138 0.26088
-0.575144 -0.45193 0.172433 -0.112049 0.920109
0.720331 -0.528728 0.0874304 -0.0177969 0.725339
-0.241894 -0.247078 -0.171875 0.0500616 0.877905
-0.0436844 0.224528 0.199968 -0.173218 0.475052
0.374532 -0.545863 -0.172059 -0.201006 0.356046
0.211546 0.291736 -0.0596434 0.105324 0.122057
-0.983115 -0.891401 0.158587 0.161572 0.1
0.413384 0.0677955 -0.120155 0.249461 0.764993
-0.106651 -0.636995 0.212329 -0.117338 0.262424
0.421379 0.680633 0.238735 0.131999 0.1
-0.396503 0.172697 0.156259 0.176455 0.1
-0.922122 0.628979 -0.186674 0.0248127 0.281618
-0.372966 0.853231 0.191212 -0.211654 0.698379
0.495705 -0.0545623 -0.149192 0.115689 0.408462
-0.115048 -0.989822 -0.161283 0.179776 0.505675
-0.688687 0.832875 -0.198712 -0.181396 0.707467
-0.0141167 -0.15243 -0.126258 0.15246 0.996635
-0.131153 0.86371 0.194045 0.201624 0.713218
-0.419867 -0.0386269 0.01366 0.0637913 0.589696
0.387399 0.195423 -0.173417 -0.0559079 0.127616
0.779827 0.591717 0.0790898 -0.0608578 0.551063
0.142305 0.0814923 -0.106042 0.0955724 0.776897
0.052717 0.233346 0.154634 -0.219417 0.932555
-0.41167 -0.43497 0.242742 -0.0220917 0.948333
0.017886 0.0298077 -0.0155177 0.133416 0.575227
0.330206 0.277557 -0.123993 0.0820908 0.1
0.734738 0.727012 -0.0804894 -0.04599 0.103599
-0.242442 0.803652 -0.173017 0.113802 0.478528
-0.426787 -0.272778 0.157288 -0.156121 0.26592
-0.209994 0.977797 -0.203754 -0.229897 0.668529
-0.93254 0.144947 -0.19306 0.157335 0.654105
0.521573 -0.405061 0.0946751 -0.108329 0.526005
0.711664 -0.00393271 -0.184837 -0.173341 0.1
0.696183 0.896328 0.149854 -0.0735441 0.737093
-0.0617445 -0.34583 0.103237 0.0400298 0.457674
-0.878347 0.360268 -0.0675385 -0.232439 0.1
-0.781584 0.87492 -0.225824 -0.107307 0.599666
0.518573 0.377991 -0.13368 0.0841299 0.195997
0.00214851 0.640416 -0.107043 0.0982138 0.248131
0.90283 0.696969 -0.185527 -0.131453 0.567727
-0.64748 0.337991 -6.73831e-05 0.154648 0.379282
0.19959 -0.362314 -0.162232 0.0131653 0.522356
0.844597 0.336634 -0.0369676 -0.162735 0.1
0.0181582 0.0218508 -0.123717 -0.200226 0.1
0.116568 0.892602 -0.113578 -0.0652181 0.276631
-0.185505 0.885778 0.154367 0.0480583 0.37472
-0.537392 0.708171 -0.0444022 0.124743 0.896476
-0.696723 0.691939 -0.223303 -0.0800412 0.205061
0.213452 -0.510774 -0.0963115 0.0669616 0.161939
0.635308 0.158246 -0.0997093 0.166588 0.675556
0.243217 0.537246 0.0756791 -0.193359 0.965043
0.457083 0.0968994 -0.096123 0.224706 0.241097
0.0815047 -0.389116 0.00155014 -0.148967 0.90573
-0.0339091 0.366344 0.124369 -0.115171 0.527347
0.283574 0.989275 -0.233883 0.134035 0.227872
-0.83211 0.827686 0.0960824 -0.218003 0.1
0.124716 -0.337422 0.0658821 0.0510215 0.354986
0.138255 0.316039 0.116214 0.105063 0.856018
-0.667805 -0.0549641 0.230747 -0.210868 0.219393
-0.821363 0.180623 0.0382676 0.190172 0.113675
-0.374835 -0.321381 0.00775564 -0.148623 0.574084
0.59738 -0.42067 -0.173665 0.0548512 0.941164
-0.245741 0.882309 0.222565 0.219356 0.122169
0.270813 0.609431 0.187929 0.0384162 0.281293
0.745456 0.0489349 -0.131593 0.0550187 0.905792
0.962668 -0.245494 0.226867 -0.0444172 0.169961
-0.552115 0.394433 -0.0421953 0.181226 0.574491
-0.0497133 -0.651517 0.0612674 0.160645 0.1
-0.789761 0.44888 -0.127377 0.203185 0.377627
-0.327926 -0.156821 -0.157671 0.135985 0.276301
0.598604 -0.315247 0.112695 -0.0173688 0.302367
0.383431 0.341941 -0.149017 -0.160471 0.150433
-0.744899 -0.444043 0.0858971 -0.119831 0.867797
-0.937717 0.915132 0.11516 -0.189362 0.283276
-0.934516 -0.728095 0.0724778 -0.104385 0.373412
-0.392902 -0.821693 0.227537 0.222793 0.789388
-0.681001 -0.858234 -0.212426 0.0796378 0.341789
0.928998 -0.207319 0.140344 -0.0957799 0.598745
-0.722944 0.604026 0.17125 -0.0790855 0.568348
-0.377693 -0.338825 0.0506425 -0.0889764 0.186429
0.22993 0.200041 -0.0525601 -0.204513 0.831917
-0.360897 -0.369479 0.104764 0.219951 0.698749
0.412846 -0.893711 0.232087 0.197985 0.1
-0.529719 -0.346431 0.143165 -0.181722 0.776358
0.100602 -0.996246 -0.234833 0.0667762 0.1
0.574794 -0.276396 -0.171654 -0.185079 0.1
0.710511 0.944155 0.0702714 -0.242759 0.333807
-0.0124619 -0.946347 0.068448 -0.0920748 0.255293
0.127204 -0.400605 0.233914 0.0814866 0.154875
-0.331037 -0.570605 -0.0318374 -0.0116842 0.802181
-0.271116 -0.0344614 0.100036 -0.00380686 0.768089
0.800663 -0.623487 -0.150157 0.245369 0.17446
-0.618116 -0.693215 -0.175302 -0.247285 0.730072
0.0908825 0.841647 0.205062 -0.214373 0.462624
-0.461974 -0.202154 0.186277 0.197257 0.352297
0.0173279 0.638467 0.18543 0.0891477 0.132265
0.742028 -0.366263 -0.0737803 -0.0351148 0.545683
-0.285769 -0.0390075 0.0909502 -0.082161 0.858203
0.638254 -0.876175 -0.0372768 0.144713 0.86487
0.166709 -0.164137 -0.180568 0.176276 0.698595
-0.842836 -0.21 0.198383 -0.15622 0.888638
0.524194 0.297074 -0.153003 -0.0336358 0.665119
-0.39384 -0.836852 -0.185941 -0.0690378 0.665447
-0.564886 -0.0440682 -0.19485 -0.117562 0.1
-0.934102 0.90201 -0.0568606 -0.247125 0.896321
0.58723 0.75474 -0.103222 -0.128956 0.91585
-0.875362 -0.981779 -0.0722638 -0.116713 0.881299
-0.346646 -0.288187 0.0104521 0.140039 0.199276
-0.282141 0.883928 0.1608 -0.230915 0.81995
0.483636 -0.259485 0.099557 -0.129987 0.1
0.59724 0.874264 0.0544157 0.172398 0.989877
0.0997955 0.28026 -0.152584 0.237012 0.633169
-0.372589 -0.401859 0.19564 -0.0767396 0.591288
-0.0905546 -0.231151 0.0899914 -0.184044 0.855184
0.346404 0.191745 -0.0100392 -0.079633 0.504907
0.921866 -0.711377 -0.194602 0.180101 0.1
-0.2534 0.0770605 0.166077 -0.0743272 0.313753
0.998001 -0.755834 0.0370833 -0.163281 0.47453
0.977124 -0.0760937 -0.163611 0.0722893 0.598839
0.626325 -0.488073 0.141012 0.129836 0.1
0.522167 0.631173 0.0332704 0.0998543 0.324631
-0.980883 0.221286 0.0707166 0.183054 0.875143
-0.374228 0.630488 -0.213084 -0.148954 0.770484
0.118571 0.546469 -0.0422752 0.101009 0.317385
0.189136 0.0154443 -0.221204 -0.134145 0.887702
0.887595 0.130708 0.105994 0.247853 0.936794
0.0575103 -0.850027 0.173202 -0.142142 0.772384
0.00386167 -0.0993969 0.175695 0.0934031 0.42097
0.482063 -0.162735 -0.162803 0.0735674 0.640131
-0.417728 -0.819381 -0.183271 0.087508 0.801596
-0.207793 -0.118893 0.166038 0.127312 0.562852
0.39513 -0.637565 0.0415185 -0.111652 0.40788
0.169626 0.785668 0.184848 0.0894209 0.314166
-0.628747 -0.456828 0.115892 -0.176565 0.194377
0.334611 0.757375 -0.0176551 0.150313 0.817645
-0.404905 0.704729 -0.104728 -0.10489 0.917519
-0.966601 0.468235 0.0635222 0.20321 0.284416
-0.766163 -0.307735 -0.130422 0.136776 0.383652
-0.107096 -0.418889 -0.0602512 -0.181375 0.128551
-0.384684 0.891894 -0.0240045 -0.117415 0.959187
0.651785 -0.262221 0.0382202 0.0370228 0.272254
0.674518 -0.518541 0.0791341 -0.117992 0.585359
-0.735203 -0.96185 -0.0604997 0.044324 0.350359
0.921454 0.354594 0.0995607 0.155323 0.115977
0.44175 0.770544 0.0683546 0.237003 0.48027
0.866264 -0.826734 -0.00233346 0.0593094 0.389878
-0.0015316 0.852819 -0.181602 -0.118486 0.607647
0.509868 0.139561 -0.12461 0.223516 0.1
