10000
500
0.01
1
0.01
-0.688009 0.266048 0.184211 0.0243365 0.875868
-0.653319 -0.657485 0.130565 -0.215619 0.812625
-0.130259 -0.522871 -0.0685497 -0.0127572 0.352281
0.714024 0.0620613 -0.0694046 0.0818344 0.1
-0.768034 -0.187728 0.127139 0.113325 0.962364
-0.145563 0.497463 -0.215379 -0.122531 0.435657
-0.787201 -0.779055 -0.130315 0.0731553 0.1
0.899806 -0.287573 0.0665606 0.214881 0.560655
-0.415294 -0.954907 0.243856 0.229752 0.641682
0.310987 0.192372 0.224802 0.157544 0.506323
0.538851 -0.493667 0.231789 -0.102638 0.298697
-0.846865 -0.113825 0.137768 -0.0862292 0.46083
0.872662 0.689551 0.227737 -0.238559 0.528462
-0.952015 -0.537395 -0.206339 0.0976161 0.109696
-0.689681 0.796785 0.113532 0.0132499 0.366514
0.788234 -0.447859 0.0796332 0.144787 0.393412
-0.871835 0.101556 -0.116004 0.186547 0.424715
-0.835909 0.832685 -0.201336 -0.0887699 0.458483
-0.101008 -0.539297 -0.176798 -0.0261787 0.586201
-0.764006 -0.509446 0.0495783 -0.239463 0.1
0.519787 0.982128 0.0209876 0.214866 0.482105
0.361077 0.2276 -0.197789 -0.055686 0.770295
-0.880759 0.790136 -0.218815 0.0356492 0.272874
0.839678 -0.681233 -0.221338 -0.0989383 0.383617
-0.0840614 0.244684 0.103034 -0.0366161 0.41425
-0.144929 0.0574075 -0.173168 0.245982 0.749019
0.183584 0.228725 -0.221537 -0.206552 0.142477
0.81551 -0.816066 0.10799 0.0126564 0.918443
0.493663 0.620811 0.231944 -0.0661653 0.205852
-0.673956 -0.818302 0.0188942 -0.184131 0.515105
0.14968 0.958476 0.0118524 0.200628 0.271291
-0.822658 -0.891381 0.205659 -0.0990778 0.465882
0.967351 -0.442253 -0.148928 0.0482182 0.719362
-0.613533 0.591648 -0.16001 0.016904 0.1551
0.302776 -0.836787 0.223418 0.170375 0.1
0.1835 0.243316 0.115064 0.0936088 0.433472
-0.952494 0.77582 -0.0661834 -0.00963403 0.340934
-0.532323 -0.736428 0.0614067 -0.041912 0.494213
0.232547 0.678463 -0.0102713 -0.189838 0.456549
0.0802914 -0.191303 -0.0638455 -0.0871836 0.1
-0.470083 -0.00987339 -0.159822 0.145336 0.227061
-0.310256 -0.627831 0.132171 -0.242618 0.842419
-0.485235 -0.0138797 -0.193408 0.226867 0.269062
0.651858 -0.357545 0.097193 0.168497 0.341233
0.812234 0.171918 0.113219 -0.00208279 0.92946
0.967832 -0.278302 -0.0396119 -0.0873909 0.1
-0.185266 0.705471 -0.23784 -0.137471 0.115984
0.122151 0.269051 -0.180955 0.0187774 0.579735
0.344485 0.487974 0.208679 0.0539415 0.840308
-0.675519 0.661919 0.244575 0.0559557 0.780683
-0.208467 0.55901 -0.0538442 -0.203208 0.857245
0.262837 0.122461 0.0942323 -0.169167 0.925407
-0.37966 -0.635122 -0.203595 -0.00838853 0.128474
0.846891 -0.925617 0.092031 0.120344 0.168735
-0.85697 0.241267 0.0680777 -0.148732 0.194766
0.680166 -0.86193 0.0566725 0.144036 0.942209
0.4405 0.13686 -0.0523923 0.0222387 0.910422
-0.74569 0.930389 0.177842 0.202264 0.1
-0.637981 -0.886668 -0.0324437 0.227871 0.232042
0.664902 -0.299995 -0.00142184 0.108572 0.275024
-0.89052 0.562829 0.0596768 -0.0123829 0.439003
0.635074 0.852935 0.0609633 -0.00319034 0.1
-0.0331222 -0.556489 0.175564 -0.0513179 0.945537
-0.518676 -0.718372 0.17061 0.226958 0.622666
0.433265 -0.51284 -0.24367 0.119843 0.980735
-0.737647 0.64922 0.0667256 0.192304 0.552738
0.17319 0.422705 -0.0962733 -0.174176 0.14239
-0.260171 0.244769 0.0792182 -0.223615 0.651566
-0.129037 0.588248 0.103226 -0.243349 0.568126
-0.829385 0.341892 0.161456 0.0755195 0.684799
-0.64896 0.951546 0.147624 -0.0540509 0.952216
-0.0556313 0.887995 -0.159787 0.195383 0.434943
0.555922 0.92498 -0.143277 0.0926652 0.760788
0.14783 0.00931966 0.0205394 0.00381812 0.610664
0.530104 0.476364 -0.0401716 -0.193806 0.680473
-0.178216 0.648749 0.230837 0.0977209 0.540611
0.222181 0.715493 0.181907 0.126452 0.134074
0.981684 0.0463117 -0.0227123 0.216109 0.372667
-0.958446 -0.25633 0.126472 -0.234058 0.47772
0.0918019 -0.922692 0.00115806 0.147444 0.153576
-0.478099 -0.981069 0.0745978 0.0987354 0.838241
0.237548 0.154523 -0.0538136 -0.0257009 0.542283
0.587118 0.19239 -0.0115577 -0.179915 0.406504
0.944844 -0.757634 0.185732 0.030339 0.84802
-0.713027 0.77992 0.0181298 0.0931581 0.1
-0.606209 0.325122 0.218292 -0.210324 0.1
-0.175048 0.435293 0.0490447 -0.0145883 0.775642
-0.130192 -0.745577 0.0448323 0.144746 0.371123
-0.384989 -0.607529 0.183394 -0.072523 0.879882
0.986046 -0.0581201 0.185928 0.13069 0.700892
-0.446137 0.715304 -0.0116407 -0.131798 0.42986
-0.25802 0.608158 0.00303286 0.0542243 0.248965
0.321309 0.06095 0.0917691 0.0728334 0.439133
0.217341 -0.481557 -0.103314 0.22901 0.1
-0.909608 0.667835 0.0447476 -0.0413983 0.646369
-0.864909 -0.235766 -0.0151823 -0.184437 0.287117
-0.326699 -0.732451 -0.0467638 -0.2036 0.1
-0.329479 -0.591954 0.0909076 -0.0819142 0.498941
0.382285 0.959557 0.00864229 0.0745762 0.43122
-0.82995 -0.661739 0.0918897 0.0918005 0.714103
0.750602 0.57795 -0.23642 -0.204732 0.903561
0.569219 0.213295 -0.187172 -0.0712194 0.165572
-0.059183 -0.510617 -0.168313 0.0757872 0.814434
0.889062 -0.923351 -0.225776 -0.0300657 0.118168
-0.0840814 -0.338383 -0.190479 -0.231881 0.365303
0.73476 0.15169 -0.0863605 -0.121 0.981188
-0.0880442 0.443675 0.000822127 0.193 0.286513
-0.93718 0.661546 0.244776 -0.149913 0.620245
-0.784293 0.369079 -0.215524 0.0946874 0.419366
-0.853452 0.469391 -0.215735 0.178465 0.400901
-0.631571 -0.841019 0.116777 -0.0470737 0.25392
-0.721918 -0.26909 -0.0170384 0.10573 0.568048
-0.328151 0.103022 -0.172818 -0.00108235 0.214758
-0.934703 -0.717377 -0.212051 0.207475 0.872254
-0.78129 -0.574021 0.0482532 -0.0322703 0.1
-0.0597541 -0.402833 0.0383848 0.2344 0.502725
0.403 0.614062 -0.248138 -0.0706237 0.1
0.0615115 0.796602 -0.243474 0.0786327 0.650669
-0.211259 -0.399214 0.118924 -0.221527 0.320689
-0.753966 0.518698 0.174146 0.0438959 0.359151
-0.744311 -0.650763 -0.0724522 -0.139382 0.513792
-0.48332 -0.582262 0.136746 0.0313031 0.400287
-0.40171 0.487281 0.196412 0.224984 0.645998
-0.808538 0.307872 -0.052634 -0.086729 0.581916
-0.233806 0.0123429 0.240121 -0.0719438 0.273134
-0.60379 -0.666818 -0.249297 -0.0910232 0.198758
-0.115169 -0.830568 0.193961 0.116159 0.664978
0.579558 -0.842003 0.137988 0.0451952 0.392758
-0.271437 -0.5543 -0.200413 -0.201542 0.333509
0.31864 0.712465 0.163766 0.247029 0.576416
0.0174186 -0.172874 -0.108464 -0.0396988 0.37887
-0.101394 -0.0779064 -0.213834 0.236261 0.610975
-0.112123 -0.932298 -0.0404567 -0.224319 0.499974
-0.668307 -0.769281 -0.223518 0.243873 0.335656
0.804575 0.570654 0.164761 -0.214046 0.300316
-4.85778e-05 0.665747 0.0984528 0.0350294 0.703696
0.350537 -0.645218 -0.103073 0.0408624 0.199968
-0.151779 -0.481812 -0.127685 0.110972 0.498414
-0.070765 -0.0507743 -0.0913941 0.0938866 0.13162
-0.227075 0.485026 0.0579406 -0.110161 0.515152
-0.866551 -0.0593716 -0.109423 -0.0524314 0.855853
-0.332768 -0.925515 0.055476 0.00799239 0.53123
-0.337486 -0.00127572 0.0943569 -0.134036 0.388518
-0.750132 -0.480409 -0.0429103 -0.0249262 0.748468
0.0447127 0.303952 -0.0499135 0.0125665 0.836641
0.406668 0.36657 -0.196025 0.0453617 0.306232
0.894699 0.998842 -0.207174 -0.233675 0.924642
0.705239 -0.747873 0.195499 -0.197789 0.581636
0.957213 -0.534224 -0.0774682 -0.153991 0.386997
-0.92578 0.141621 -0.0191223 -0.24038 0.926451
-0.024675 -0.675644 0.222005 0.21642 0.144806
-0.801304 -0.0731081 0.223183 -0.119449 0.533103
0.826986 0.741379 0.120937 0.20571 0.943496
-0.702993 0.198357 -0.0109982 -0.0887156 0.707755
-0.135446 0.961667 0.211873 0.154766 0.574506
-0.499049 0.255503 0.124525 -0.188695 0.489214
-0.890823 0.146617 0.050602 0.170598 0.328091
0.796697 -0.858138 -0.0943603 0.0254374 0.3205
-0.39812 -0.788916 -0.221581 -0.0710174 0.384069
-0.409274 -0.105404 0.201493 0.0882511 0.335014
-0.28365 -0.554474 -0.00813143 0.152223 0.212982
0.147536 -0.00144941 0.223196 0.0326647 0.844779
0.897357 -0.429138 -0.210045 -0.104703 0.245766
0.946507 0.692225 -0.0623891 0.237741 0.928855
0.592941 0.195116 -0.123375 -0.0189496 0.696238
-0.482121 0.920071 0.0805715 0.158697 0.223526
0.155885 -0.124 -0.122261 0.0138756 0.690058
-0.504141 -0.0419706 -0.00770654 0.068324 0.1
-0.595702 0.0844498 0.197333 0.224069 0.1
-0.829024 0.671207 -0.173607 0.162697 0.879205
0.784606 0.381599 0.0540314 -0.246474 0.251253
-0.656074 -0.158848 0.151012 -0.238375 0.700712
0.345718 0.806792 0.160532 0.101393 0.385084
-0.0494595 0.612797 -0.103566 0.142437 0.742717
0.475334 -0.201812 0.0954604 -0.125486 0.170675
0.0330299 -0.403298 0.190642 -0.00303543 0.492764
0.850942 0.0736338 0.122015 0.206851 0.799628
0.338218 0.392864 0.0700951 0.061015 0.902717
0.460472 0.236905 -0.219429 0.246225 0.917001
-0.535454 0.0546163 0.242999 -0.0316064 0.488747
-0.399636 0.570294 0.0697162 0.0954854 0.841396
-0.546945 -0.657087 0.235334 -0.184945 0.63153
0.313699 -0.807525 -0.175719 -0.148287 0.960173
-0.849759 0.0685529 0.159186 0.205882 0.992762
-0.584016 0.395467 -0.175457 -0.160469 0.664248
0.56103 -0.310693 -0.222134 -0.0587891 0.849267
0.451764 0.312767 -0.154857 -0.0795207 0.217728
-0.707488 -0.779083 -0.0439959 -0.0580588 0.938732
-0.330809 0.103137 -0.152561 -0.223618 0.86363
0.352495 -0.278141 -0.0134386 0.189587 0.718507
-0.103114 -0.640598 0.0778858 0.0165032 0.319194
0.00478899 -0.81637 0.165998 -0.147597 0.175259
0.316529 -0.783349 0.247261 0.176616 0.108278
0.759095 -0.452779 -0.202866 0.15329 0.711685
-0.695332 0.509334 -0.0319056 0.197884 0.176503
-0.00392872 0.709878 -0.080765 0.0465303 0.128351
0.761802 -0.412276 0.210676 -0.0555445 0.343011
-0.699513 -0.190432 0.151685 0.0345809 0.805291
0.248969 0.865124 0.158109 -0.0775473 0.744662
0.0489889 -0.392266 -0.103943 -0.0630653 0.270382
0.832283 0.108382 0.0867444 -0.227363 0.203964
-0.540325 -0.270157 0.067503 -0.0601569 0.51506
-0.323141 0.827157 -0.181538 0.0682307 0.614764
-0.0949783 0.0726172 -0.131222 -0.0561131 0.1
-0.406922 0.975765 0.00807679 -0.0768433 0.770834
-0.110128 0.440556 0.119997 0.108189 0.127983
-0.572511 0.229203 -0.00488475 0.203461 0.705617
0.50768 -0.653652 0.119562 -0.0337994 0.1
0.132859 -0.417718 0.248899 -0.0399943 0.998733
0.960104 -0.257702 0.00599119 -0.0964434 0.1
-0.887699 0.0267287 -0.127517 0.128787 0.935034
0.528062 -0.992272 -0.0655904 0.246971 0.43938
0.800201 -0.725514 -0.0898853 -0.0108857 0.396161
-0.404979 0.562089 0.0856455 0.160821 0.167318
0.837151 0.369083 -0.18776 -0.075648 0.964044
0.607809 0.218771 -0.0246147 0.101202 0.963265
0.926826 -0.526299 0.0174377 -0.106229 0.669574
0.547063 -0.203666 0.0532112 -0.178904 0.1
0.0963835 0.301187 0.0155081 0.0432922 0.423737
-0.0816255 -0.967398 -0.227693 -0.166145 0.668577
-0.286058 0.870421 0.0982967 -0.172785 0.465046
0.484392 -0.727322 -0.130417 -0.0949986 0.922333
-0.367107 0.440789 0.0267661 -0.214555 0.846974
0.304787 -0.266895 0.139413 -0.0179998 0.984901
-0.964907 -0.268602 -0.0905478 0.050778 0.280609
0.772648 0.0431682 0.140579 0.0880878 0.291894
0.416869 0.279458 0.170591 -0.169715 0.279304
0.0483989 -0.761649 0.0886228 0.163846 0.548624
-0.233806 -0.984 0.10197 -0.19508 0.436822
-0.710005 0.487518 -0.194161 -0.0461039 0.582742
-0.85977 0.634675 -0.13168 0.0986654 0.3647
0.671429 -0.835521 0.0938442 -0.0199592 0.966639
-0.622355 0.942856 0.0445852 -0.102679 0.423647
0.571143 0.503358 0.0579952 -0.158227 0.478461
-0.677925 0.471561 0.0473492 0.0688049 0.247578
0.0344536 0.839621 -0.203225 0.215418 0.886212
-0.00777239 0.580097 -0.0166641 -0.181804 0.553196
0.0973771 0.265097 -0.121126 0.0776444 0.162405
0.0575386 0.285238 -0.0816834 -0.214899 0.876709
-0.880388 -0.2424 0.10844 0.19162 0.180216
-0.749249 -0.155364 -0.00288388 0.0303804 0.507979
0.0933197 0.831541 -0.123975 0.198613 0.103253
-0.236479 -0.0705243 0.161129 0.0628705 0.652135
-0.543454 0.119506 0.0889611 -0.0707003 0.523323
-0.964167 -0.113882 0.0840551 0.0110902 0.722754
-0.704725 -0.181343 0.207392 0.0830735 0.126059
0.823632 0.139774 -0.156121 0.0524768 0.681248
-0.700915 0.423902 -0.187178 -0.224469 0.916325
-0.976425 -0.927159 -0.177457 0.039064 0.849617
0.548027 -0.726305 -0.194606 0.186074 0.1
-0.0785659 0.569812 -0.0548658 -0.0241017 0.244526
-0.212306 0.556287 0.0673463 0.237983 0.768476
0.771712 -0.591423 -0.123141 -0.238771 0.592379
-0.330685 -0.78394 0.219088 0.119876 0.89961
-0.623134 -0.656758 -0.0520351 -0.162784 0.49816
-0.0961646 0.777226 -0.0332981 -0.0270492 0.701956
-0.525632 0.923097 0.215256 -0.00167146 0.323346
0.550045 -0.914523 -0.221825 -0.014583 0.425511
-0.747599 0.272775 0.241993 0.20435 0.598932
0.538016 0.209634 0.0651037 -0.10828 0.51974
0.513672 0.159025 0.0808867 0.100002 0.553121
0.815186 -0.417461 -0.127013 -0.0467189 0.814275
-0.912021 -0.0157128 -0.194825 -0.11495 0.928704
-0.256065 -0.908503 0.0341268 0.0895632 0.321162
-0.0838872 0.683109 0.0712583 0.00445214 0.983761
-0.0668795 0.761989 -0.239753 -0.127495 0.216205
-0.998742 0.831088 -0.166187 -0.202121 0.211208
0.80099 0.451363 -0.0355111 0.238079 0.57871
-0.815113 0.0411155 -0.0489335 -0.0729882 0.381921
-0.741955 -0.946302 0.0663602 0.09814 0.546079
-0.251042 -0.851189 -0.0289346 -0.23009 0.136004
-0.693334 0.744211 -0.0805682 -0.0212019 0.172639
-0.870404 -0.480838 -0.17969 -0.157068 0.762953
-0.385178 0.86857 0.0507939 0.126116 0.885979
-0.694072 0.958313 -0.103208 -0.106243 0.698884
-0.0312601 -0.910335 0.16052 -0.176371 0.511885
-0.409966 -0.553969 -0.0395605 -0.0444503 0.580262
-0.600253 -0.964711 -0.124234 0.129935 0.686071
0.639032 -0.241662 0.155011 0.0623629 0.406029
0.705832 -0.968382 -0.213118 0.0550631 0.930778
0.952441 -0.577772 0.147461 0.245599 0.837951
-0.0799865 0.860807 0.209864 0.192212 0.206956
0.311289 -0.915484 0.0656994 -0.0356005 0.129682
0.695394 -0.976663 0.203964 0.148468 0.721963
-0.684688 0.614668 0.232212 -0.144986 0.121473
0.0662869 0.546556 0.2281 0.0542636 0.105473
-0.8652 0.885502 -0.117389 0.245883 0.219878
-0.916614 -0.60718 -0.21624 -0.0591662 0.901624
-0.305909 0.0958188 -0.123454 0.244888 0.1
-0.395862 0.363759 0.0844156 -0.0427561 0.719587
-0.552229 -0.693457 -0.134705 0.140522 0.332889
0.834877 0.942738 0.227025 -0.196245 0.191891
0.927488 0.859218 -0.208779 -0.130151 0.626179
0.170665 -0.0763816 0.0575158 -0.0905519 0.867141
0.247872 0.251465 0.196148 0.248573 0.236503
0.782756 0.182417 0.136861 0.0493844 0.775153
-0.89246 -0.894015 0.0276688 0.0350942 0.729233
-0.745117 0.639511 -0.18424 0.170064 0.531051
-0.685554 0.0213194 -0.0410481 -0.0236831 0.633805
-0.433486 -0.369822 0.147978 0.228869 0.373586
0.72702 0.833946 0.188042 0.129146 0.493298
-0.706131 0.985968 -0.146932 -0.00491068 0.535992
-0.625196 0.563339 0.138463 -0.0711246 0.394843
0.867668 0.687511 -0.00288317 -0.162267 0.740189
-0.553926 0.57612 -0.194792 -0.0594711 0.999261
0.39112 0.241669 0.103183 0.243251 0.2788
0.547233 0.946374 -0.0532202 0.103186 0.542717
-0.137593 0.550984 -0.102868 -0.0339994 0.1
0.358861 0.216632 -0.0167271 -0.0685546 0.347371
-0.040321 -0.515395 -0.155905 -0.129921 0.65725
0.734422 0.250625 -0.246025 0.230457 0.982829
-0.659148 -0.509065 0.186049 0.0553622 0.555644
-0.367524 -0.255578 -0.174569 -0.180583 0.530089
0.388462 0.393352 0.196255 0.136038 0.175442
-0.320667 0.395192 -0.0160252 0.0609884 0.583244
0.306017 -0.505944 -0.0775724 0.20926 0.79223
-0.792493 0.277289 -0.130901 0.12261 0.590254
0.241305 -0.506259 0.196136 -0.140881 0.240431
0.0269659 0.629212 0.101751 0.242618 0.798242
-0.605868 0.741993 0.162723 -0.145885 0.1
0.332541 -0.675677 -0.215228 0.17513 0.1
0.294206 -0.46338 -0.0129069 -0.101452 0.887307
0.182084 -0.703653 0.199286 -0.197476 0.373546
-0.884708 0.184329 0.0878083 -0.0310995 0.966381
-0.961053 -0.145447 -0.0107693 0.0481557 0.812082
-0.520669 0.467298 0.113863 -0.105594 0.839076
-0.872445 0.202826 0.0596477 -0.128734 0.968004
0.830432 -0.266192 -0.000339955 -0.0509218 0.924174
-0.0290163 0.156112 0.23893 0.089064 0.411277
0.752602 0.268861 -0.0448955 -0.118545 0.246932
-0.710221 -0.384805 -0.0867386 -0.00688167 0.416365
0.932868 0.979778 -0.0733778 -0.0419647 0.149304
0.942346 -0.574603 0.236879 -0.0131789 0.491801
0.657853 -0.616965 -0.0812151 -0.220921 0.780093
0.683585 0.960729 0.0563162 -0.099727 0.839684
-0.466704 -0.453615 0.0506223 0.0685074 0.96134
0.408969 0.0933584 0.173965 0.0202587 0.277785
-0.264859 0.603834 0.0557757 0.209335 0.60494
-0.532923 -0.866546 0.148208 -0.241387 0.135779
-0.734737 0.0875851 -0.0376431 -0.205694 0.208774
0.555497 0.175273 0.050053 0.166043 0.670074
0.891947 -0.948606 0.221246 -0.188656 0.530476
0.544117 -0.932383 0.00125825 0.0794472 0.906141
-0.964542 0.271123 0.0606251 0.00298923 0.403246
-0.934607 0.189259 0.106313 0.109074 0.816144
0.670803 -0.0056054 -0.175683 0.164354 0.243833
0.404992 -0.320054 -0.00451885 0.0851715 0.1
-0.0331935 0.942533 -0.0994257 0.152278 0.239459
-0.783785 -0.159089 0.173322 -0.154222 0.190253
0.664675 -0.297359 -0.0301325 0.0841099 0.1
-0.0622911 -0.55159 0.22233 0.126411 0.791337
-0.539371 -0.222466 0.24891 0.102681 0.914787
0.822042 0.419608 0.135573 0.0138976 0.642777
0.873816 0.662668 0.170741 -0.18201 0.872041
0.740802 -0.096745 0.061972 -0.108392 0.195471
0.065385 -0.992037 0.233324 -0.119122 0.777083
-0.475263 -0.222819 0.200716 0.16778 0.678225
0.116321 0.476738 0.0570073 -0.219709 0.360044
-0.357177 0.31701 0.185688 0.108983 0.141625
-0.263222 0.87 -0.0207703 0.0748706 0.1
-0.896098 0.662191 0.0390009 0.179903 0.999049
0.223312 -0.256073 -0.070114 -0.13361 0.63456
-0.686715 -0.94376 0.0726647 -0.183728 0.433991
-0.781808 -0.571533 0.149001 -0.118766 0.588299
-0.842797 0.897645 -0.00383748 0.142249 0.920583
0.303705 0.810008 0.0759536 0.0236416 0.547273
-0.165307 0.267833 -0.0464783 0.141492 0.955599
0.0184758 0.576602 0.0485428 0.110708 0.348607
-0.413104 0.517985 -0.05385 -0.157858 0.855267
0.131355 -0.143298 0.0197734 -0.1896 0.858552
0.368022 -0.366019 0.147235 0.0336694 0.209413
-0.319815 0.994413 -0.0043869 -0.17613 0.418629
0.606017 -0.141906 0.0399837 -0.123439 0.589284
-0.010157 -0.719893 -0.197192 0.11564 0.60372
0.495395 0.865835 -0.196545 0.0945749 0.49443
0.339565 -0.132621 0.187158 -0.0983813 0.720381
-0.329808 0.256085 -0.0780733 -0.244462 0.1
-0.707787 -0.995761 -0.127267 -0.208329 0.1
-0.196981 -0.559554 -0.150208 0.236624 0.401346
-0.597742 -0.554962 -0.134346 0.0738039 0.727119
0.703646 0.457199 0.0161408 -0.0766988 0.886646
-0.610408 0.121709 -0.235643 -0.121955 0.70281
0.862286 0.301758 -0.150694 -0.157202 0.112063
0.913551 0.543986 -0.124694 0.0630398 0.400247
-0.0813894 -0.392119 -0.244368 0.178582 0.182097
-0.00816625 0.364325 0.223689 -0.161343 0.1
-0.850143 -0.0934084 -0.145023 0.0875256 0.268685
-0.350709 0.390022 0.190055 0.115495 0.240383
0.127218 0.824475 0.0428072 -0.223824 0.603496
0.968224 0.0975393 0.137301 0.163398 0.1
-0.495012 -0.525305 -0.221998 -0.189689 0.520436
-0.276606 0.104337 -0.223901 -0.00123858 0.871032
0.266306 0.106394 -0.00815637 -0.135908 0.885045
-0.838968 -0.172353 -0.234978 -0.00419562 0.534393
-0.175469 0.975139 -0.233452 0.0723723 0.402882
0.237909 0.997927 0.0529795 0.135421 0.976231
0.331758 0.158995 0.166539 0.0871411 0.131966
0.727951 -0.646373 -0.189782 0.183714 0.899504
0.719221 0.692948 0.207258 0.0461558 0.663148
-0.384612 -0.0625434 0.210367 -0.160649 0.466204
0.756337 -0.917211 0.0620751 0.14131 0.790083
0.162686 0.214273 -0.249117 -0.014532 0.1
-0.0684875 0.161617 -0.0648067 -0.0935204 0.474709
0.427158 0.864748 0.195203 0.0209473 0.356484
-0.35201 -0.140434 -0.137882 -0.152469 0.974768
0.392965 -0.982329 0.112021 0.187772 0.296315
-0.899741 -0.992877 -0.109899 -0.23513 0.611423
-0.189459 -0.576039 0.220607 -0.0121293 0.825965
-0.475032 -0.270801 0.0795444 -0.139956 0.44876
-0.601344 -0.768268 0.209026 -0.234078 0.46239
0.27826 0.176715 -0.185113 0.130555 0.324834
0.488343 -0.948537 0.179985 -0.0873565 0.874836
-0.963163 -0.570814 -0.120168 0.0232409 0.1
0.0564815 -0.732264 0.247574 -0.0745915 0.732864
0.680692 0.443352 0.0236142 0.0758943 0.125473
-0.440305 0.00316989 0.0506623 -0.0303048 0.875231
-0.610721 0.662575 -0.0961979 0.0559922 0.683011
-0.296297 -0.313315 0.0953225 -0.0748988 0.1
0.614314 -0.133154 0.0342941 0.107167 0.474751
-0.83175 -0.161773 0.026976 0.0773563 0.79746
-0.529613 -0.723585 0.00145915 0.148627 0.875751
0.938689 0.67788 0.0781327 -0.117107 0.93924
-0.821186 -0.9163 -0.0820883 0.0462772 0.570984
-0.760948 0.616716 0.0361608 -0.098217 0.534097
0.409956 0.864803 -0.0478988 0.203587 0.759894
-0.387209 -0.854739 0.186402 -0.190002 0.493265
-0.517906 0.669267 0.114391 0.00588179 0.1
-0.239601 -0.836146 -0.187543 0.124135 0.250803
-0.486085 0.579062 -0.214955 0.235187 0.296797
-0.178013 0.607759 -0.207467 0.0858032 0.710683
0.404628 -0.300326 -0.117256 0.181331 0.89125
-0.474662 -0.104379 0.200976 -0.229857 0.215218
0.859027 -0.545366 -0.0925722 0.073539 0.1
0.160385 -0.148972 0.219839 0.173269 0.866267
0.255018 -0.719755 -0.049704 0.240508 0.604553
-0.116738 0.810147 0.0452648 0.191608 0.665068
-0.787392 -0.00345677 -0.0489761 -0.218004 0.507019
0.715933 -0.94955 0.145263 0.028354 0.390478
0.466181 -0.792842 0.0872817 -0.140762 0.890341
0.17016 -0.952299 -0.216427 0.195855 0.445612
0.976476 0.94561 -0.181853 0.182877 0.864521
0.260786 -0.669158 -0.150888 0.108612 0.849423
-0.335688 0.792791 0.0161925 -0.180714 0.723052
0.378967 -0.591812 0.038768 0.0242521 0.676303
-0.28052 0.725741 0.206465 -0.113021 0.890227
0.939408 0.167553 0.22644 0.119918 0.306257
-0.504911 -0.308055 0.0966505 0.123022 0.521222
-0.996291 -0.498573 -0.236346 -0.0453914 0.973861
-0.613115 -0.730173 -0.126655 0.129126 0.256514
0.366993 0.768114 -0.057589 -0.147233 0.257217
-0.849662 0.600574 -0.0745929 -0.0502079 0.932974
-0.361208 -0.759476 -0.220153 0.20741 0.752689
-0.85899 0.0610352 -0.211631 0.106964 0.563326
-0.0135115 0.22779 -0.144785 -0.0163464 0.491448
-0.493207 -0.402543 -0.110057 -0.126769 0.673114
-0.0398854 -0.352413 0.0317718 -0.22397 0.1
-0.301716 -0.320208 -0.115538 -0.0362764 0.116906
-0.659356 -0.460654 -0.163827 -0.0141398 0.646112
-0.697026 -0.696761 0.102427 0.000853956 0.552601
-0.404779 0.837848 0.205437 -0.17979 0.909765
0.903598 0.0757544 0.0443645 -0.137676 0.480081
0.414883 -0.106012 -0.113653 0.084473 0.41195
0.181649 0.848113 -0.0599042 -0.0952993 0.709582
-0.944387 -0.357324 -0.19795 -0.134019 0.74259
-0.974252 -0.295694 -0.0519795 0.0848777 0.37552
0.896226 0.897281 0.115599 -0.0792347 0.803486
0.916486 -0.07122 0.0248873 -0.13443 0.618745
-0.785406 -0.873143 -0.0536231 -0.116693 0.626165
0.96722 0.495434 0.128598 -0.220353 0.950569
-0.973568 0.105507 -0.213508 -0.226168 0.1
-0.839294 0.395287 0.0636845 -0.124724 0.854833
-0.169972 -0.895048 0.0956706 0.195532 0.966079
-0.970379 -0.396689 0.242613 -0.166064 0.1
-0.0805314 0.718871 0.144081 0.183051 0.472091
0.116073 0.543685 0.0580291 -0.0538234 0.552693
0.415543 -0.864424 0.175526 -0.182103 0.577904
-0.313689 -0.408448 -0.141373 0.178648 0.435496
-0.846664 -0.302226 0.100862 0.157169 0.55098
0.868644 0.616247 -0.213263 -0.142156 0.277342
0.565529 0.225177 -0.0363208 0.0633731 0.299769
0.0305594 -0.417125 -0.139483 -0.226218 0.26318
-0.826004 0.380632 0.0657028 -0.0488677 0.832522
-0.109603 -0.556111 -0.111243 -0.138526 0.750148
0.147195 -0.578475 -0.116365 0.216868 0.773545
-0.74246 0.372434 -0.0901434 -0.103726 0.847158
0.585087 0.87333 0.189953 -0.0692833 0.195664
-0.218319 -0.668733 0.0834458 0.201888 0.584881
0.32395 -0.857974 -0.226694 0.186955 0.1
0.870754 -0.493126 0.185755 -0.233545 0.870449
0.90187 -0.091088 -0.0794213 -0.037848 0.903571
-0.901315 -0.925099 0.00281075 0.156678 0.173487
0.669924 0.841388 -0.180673 0.115294 0.688999
-0.504922 0.643801 -0.0706827 -0.11505 0.449594
-0.719487 0.610004 0.118331 0.129024 0.734153
-0.811288 0.549228 -0.191146 -0.230554 0.270556
-0.514765 0.0779653 0.00199094 0.212632 0.1
-0.0220475 0.898384 0.105143 -0.0446522 0.913356
0.207429 0.306481 -0.144635 -0.185928 0.653118
-0.745046 -0.352948 -0.248724 0.0896362 0.480129
-0.125081 -0.044586 -0.211669 -0.0634035 0.565688
